0
0
0
0
0
0
0
0
0
1886772.647
1508141.385
1115803.264
905201.5501
286714.8223
524478.9572
545299.8455
340956.598
806203.574
583260.0592
0
0
0
0
0
0
0
0
0
0
0
0
0
0
1024788.737
578568.3373
15094.10856
47677.45368
0
69269.78766
58437.03256
41277.53171
81655.25258
266258.1886
0
0
0
0
0
0
0
0
0
0
0
0
0
0
1614657.972
1279012.316
395719.8954
809154.1828
427010.1451
1078131.295
492532.2003
1003046.63
1399837.887
761356.8862
0
0
0
0
0
0
0
0
0
0
0
0
0
0
1702246.046
1607446.613
246187.05
832659.9614
895900.9785
685375.5599
678475.48
481367.0983
646764.3837
517682.7308
0
0
0
0
0
0
0
0
0
0
0
0
0
0
1445200.129
1745203.659
1053953.521
1895367.319
1677935.865
2209613.636
2378053.681
2286144.544
2738658.356
1926874.534
0
0
0
0
0
0
0
0
0
0
0
0
0
0
827656.4195
523265.4273
703630.0821
766021.8463
764455.4416
803686.6024
941602.1622
930582.8001
824702.1385
454254.0266
0
0
0
0
0
0
0
0
0
0
0
0
0
0
158234.5321
130604.6122
369041.749
454581.3035
507076.7262
605278.2829
840485.9554
907204.8698
825687.9466
402884.5326
0
0
0
0
0
0
0
0
0
0
0
0
0
0
0
35604.2716
30108.19974
193621.6891
188299.6461
265563.2528
444340.2828
474013.3968
319781.3126
1838.577096
0
0
0
0
0
0
0
0
0
0
0
0
0
0
166914.8524
957756.4025
0
154310.2924
7085.649618
102275.4971
229608.2552
240645.2659
170051.2016
0
0
0
0
0
0
0
0
0
0
0
0
0
0
0
0
49346.00055
0
100299.4823
0
33711.49614
25176.18675
42256.29538
184673.0202
84977.4523
0
0
0
0
0
0
0
0
0
0
0
0
0
0
0
0
0
0
0
0
0
11418.24169
0
0
0
0
0
0
0
0
0
0
0
0
0
0
0
0
0
0
0
0
0
0
0
0
0
0
0
0
0
0
0
0
0
0
0
0
0
0
0
0
0
0
0
0
0
0
0
0
0
3101.506641
0
0
0
0
0
0
0
0
0
0
0
0
0
0
0
0
0
0
0
0
0
0
0
0
0
0
0
0
0
0
0
0
0
0
0
0
0
0
1503507.826
1352640.16
513479.0235
1112342.028
487822.8437
1079854.361
757414.8985
942612.7151
1151221.396
1216711.723
0
0
0
0
0
0
0
0
0
0
0
0
0
0
1497779.803
1339130.225
120111.833
1175915.652
648567.2716
887518.9904
1001062.794
1197562.145
1156364.634
461821.1339
0
0
0
0
0
0
0
0
0
0
0
0
0
0
858630.0767
1341266.972
162267.9247
1164786.875
71574.95893
399280.704
547133.6225
536802.2023
585155.498
536794.0035
0
0
0
0
0
0
0
0
0
0
0
0
0
0
0
94153.62578
0
70706.36162
0
0
0
0
0
0
0
0
0
0
0
0
0
0
0
0
0
0
0
0
0
0
0
0
0
26716.66793
40444.39925
41086.67006
27161.65028
0
0
0
0
0
0
0
0
0
0
0
0
0
0
0
0
0
40340.29962
98343.63883
204820.0321
283001.0713
366516.9742
400008.5653
319621.4081
67166.84721
0
0
0
0
0
0
0
0
0
0
0
0
0
0
136685.729
0
21769.75915
90962.85341
235173.1344
211426.2842
187013.9945
164004.0168
96450.76015
3019.430378
0
0
0
0
0
0
0
0
0
0
0
0
0
0
1768133.484
2125629.358
1465166.081
2108532.623
1662648.758
2121047.885
2028594.938
2152610.146
1973006.806
1770317.381
0
0
0
0
0
0
0
0
0
0
0
0
0
0
2180559.717
2082411.678
853929.3755
1654551.338
1061318.146
1514750.216
1459403.933
1654235.277
2225845.902
1918605.204
0
0
0
0
0
0
0
0
0
0
0
0
0
0
4061440.621
3526562.134
2293367.05
2784922.14
2428865.141
2426648.448
2064468.307
2363851.637
2290771.423
2183120.785
0
0
0
0
0
0
0
0
0
0
0
0
0
0
1417417.219
2117942.587
884045.1528
1252541.819
808618.3844
955408.9895
779243.0104
654522.8199
610548.7012
1053548.363
0
0
0
0
0
0
0
0
0
0
0
0
0
0
1548184.571
2086205.931
902930.5177
1473589.321
845690.5749
1226714.599
1130681.801
1005938.766
1260098.93
1375398.827
0
0
0
0
0
0
0
0
0
0
0
0
0
0
924050.9788
3414.357415
0
175634.2443
309293.7554
423991.2775
673791.99
747797.6236
766012.9228
403139.4161
0
0
0
0
0
0
0
0
0
0
0
0
0
0
1122915.918
1330.212275
0
4008.439883
139858.9651
84051.16861
151038.8214
71280.28384
56810.18782
48204.07492
0
0
0
0
0
0
0
0
0
0
0
0
0
0
846442.6399
1283164.503
338905.238
647096.3431
2182.618215
190660.2093
40442.37841
102386.6018
36278.5726
0
0
0
0
0
0
0
0
0
0
0
0
0
0
0
0
0
0
0
0
0
0
0
0
0
0
0
0
0
0
0
0
0
0
0
0
0
0
0
0
0
0
0
0
0
0
0
0
0
0
0
0
0
0
0
0
0
0
0
0
0
0
0
0
0
0
0
0
0
66854.57819
238357.6603
47505.57076
0
0
0
0
0
0
0
0
0
0
0
0
0
0
0
0
0
0
11052.57102
0
0
522530.0777
237656.7287
320213.5947
201140.8715
0
0
0
0
0
0
0
0
0
0
0
0
0
0
0
0
0
0
0
0
0
0
0
0
0
0
0
0
0
0
0
0
0
0
0
0
0
0
0
0
0
0
0
0
0
0
0
0
0
0
0
0
0
0
0
0
0
0
0
0
0
0
0
0
0
0
0
0
0
0
0
0
0
0
0
0
0
0
0
0
0
0
0
0
0
0
0
0
0
58105.24068
0
0
56775.09217
423966.2318
229938.2
365431.0939
0
0
0
0
0
0
0
0
0
0
0
0
0
0
1600747.814
1749897.718
1164281.083
2004786.352
1152824.595
1891971.632
2011407.633
1609932.742
1704184.963
1619263.258
0
0
0
0
0
0
0
0
0
0
0
0
0
0
0
269753.7717
166824.0446
175113.7503
0
28521.95343
22547.49455
0
22227.45967
5344.818094
0
0
0
0
0
0
0
0
0
0
0
0
0
0
0
0
91059.09907
125730.4621
0
97128.09417
144939.466
770.1221809
141662.0296
18392.45836
0
0
0
0
0
0
0
0
0
0
0
0
0
0
93781.44577
0
0
0
1110.841436
608.6092252
6063.948803
3356.401462
77145.13831
38925.28734
0
0
0
0
0
0
0
0
0
0
0
0
0
0
994191.4423
0
3940.495646
0
5253.511569
1818.549147
4720.638433
3556.502684
4523.211611
2382.244547
0
0
0
0
0
0
0
0
0
0
0
0
0
0
3071350.851
2157004.632
1679478.685
1706987.952
1207224.927
2009002.011
1645361.828
1727932.427
2170404.985
1549498.791
0
0
0
0
0
0
0
0
0
0
0
0
0
0
1732274.711
1667991.83
993474.5819
1577771.681
251672.965
703656.6824
649344.7303
481339.4376
544274.0273
254605.8773
0
0
0
0
0
0
0
0
0
0
0
0
0
0
0
0
0
0
0
0
0
0
17210.68842
0
0
0
0
0
0
0
0
0
0
0
0
0
0
0
166653.645
800989.3319
0
177761.4032
0
61357.32685
74806.89929
89987.73441
345821.9846
80065.49269
0
0
0
0
0
0
0
0
0
0
0
0
0
0
59717.42264
105453.2512
0
58854.22535
36669.89211
49560.85984
174122.0294
367001.2312
172024.9926
19809.40122
0
0
0
0
0
0
0
0
0
0
0
0
0
0
218703.6115
0
0
0
4799.077231
0
6035.765817
19664.27999
91807.66579
36928.21568
0
0
0
0
0
0
0
0
0
0
0
0
0
0
335622.9644
0
0
0
5755.029062
0
6078.373969
3177.080816
5852.054451
20095.20824
0
0
0
0
0
0
0
0
0
0
0
0
0
0
0
145574.8713
0
0
0
0
0
0
0
0
0
0
0
0
0
0
0
0
0
0
0
0
0
0
0
0
0
0
0
0
0
0
0
0
0
0
0
0
0
0
0
0
0
0
0
0
0
0
0
0
0
0
0
0
0
0
0
0
0
0
0
0
0
0
0
0
0
0
0
0
0
0
0
0
0
0
0
0
0
0
0
0
0
0
0
0
0
0
0
0
0
0
0
0
0
0
0
0
0
0
0
0
0
0
0
0
0
0
0
0
0
0
0
0
0
0
0
0
0
0
0
0
0
0
0
0
0
0
0
0
0
0
0
0
0
0
0
0
0
0
0
0
0
0
0
0
0
0
0
0
0
0
0
0
0
0
0
0
0
0
0
0
0
0
0
0
0
0
1078660.038
971483.1463
531349.0326
675054.7639
411640.8748
965414.3455
250983.9077
215394.8969
298395.5209
122001.6334
0
0
0
0
0
0
0
0
0
0
0
0
0
0
1602059.245
1907516.145
541886.1029
699625.5246
538837.6007
1321787.374
346246.4178
821154.549
274626.6717
78734.69086
0
0
0
0
0
0
0
0
0
0
0
0
0
0
564756.9791
952666.4005
366132.4715
659361.7999
291673.8828
1302713.995
1019732.574
1164293.887
1258815.021
370870.5858
0
0
0
0
0
0
0
0
0
0
0
0
0
0
1810254.861
1724737.426
2002033.834
2665749.194
2306992.701
3536140.056
4235445.772
4136946.07
4105502.272
3219101.564
0
0
0
0
0
0
0
0
0
0
0
0
0
0
2455155.827
2498136.757
3125412.75
3525371.398
2838567.5
3592160.574
4110129.938
3855793.355
4077359.925
3583083.115
0
0
0
0
0
0
0
0
0
0
0
0
0
0
499299.623
556952.3792
883935.2506
1005929.741
993432.697
1134069.979
1422875.054
1507445.212
1509526.608
1088073.512
0
0
0
0
0
0
0
0
0
0
0
0
0
0
923110.9353
538892.4379
846242.032
948479.3729
856657.0058
1012326.449
1289241.813
1341368.116
1350943.104
954773.4555
0
0
0
0
0
0
0
0
0
0
0
0
0
0
2961907.89
2983867.214
2856628.587
3214548.343
2085061.634
3810673.126
4088531.942
3395316.249
4359678.069
3804301.064
0
0
0
0
0
0
0
0
0
0
0
0
0
0
0
468035.7917
457150.3639
1174169.256
1673844.636
1610999.424
1778247.545
2202451.037
1557314.385
1006301.139
0
0
0
0
0
0
0
0
0
0
0
0
0
0
2155618.173
2352703.995
674860.1172
1362979.233
1394789.393
1418565.419
2241133.355
2835059.531
2371431.452
1794081.355
0
0
0
0
0
0
0
0
0
0
0
0
0
0
0
836918.0318
704575.0183
628595.4619
477471.9161
919864.1953
1299993.344
1108507.219
1265777.491
807602.5709
0
0
0
0
0
0
0
0
0
0
0
0
0
0
0
678467.9298
784504.4768
917742.016
728399.3747
1196535.285
1637203.114
1637296.603
2007104.102
1454164.182
0
0
0
0
0
0
0
0
0
0
0
0
0
0
733070.7196
1132258.298
1294471.989
1277892.925
1130510.878
1343799.054
1636294.212
1711215.554
1722347.084
1429568.159
0
0
0
0
0
0
0
0
0
0
0
0
0
0
712322.0124
1073125.191
1264076.824
1260028.459
1152262.995
1256616.972
1497610.86
1572130.471
1602601.043
1257025.411
0
0
0
0
0
0
0
0
0
0
0
0
0
0
2406822.261
3805049.987
3539523.907
3868887.983
3418693.967
3664571.488
4819876.366
4747335.264
4461980.277
3827813.381
0
0
0
0
0
0
0
0
0
0
0
0
0
0
2268433.956
4747875.903
5241435.208
5561245.469
4975935.59
5693566.933
6541578.389
6546345.612
6614668.315
5920257.194
0
0
0
0
0
0
0
0
0
0
0
0
0
0
4171212.063
5987235.299
6278813.299
6535405.701
6098199.187
6758049.317
7457678.898
6661395.371
6146303.171
5697622.033
0
0
0
0
0
0
0
0
0
0
0
0
0
0
4230836.487
6363305.346
6680933.104
7184710.641
6450084.723
7348894.175
8178270.429
7846265.231
7701473.118
6654582.184
0
0
0
0
0
0
0
0
0
0
0
0
0
0
1785395.576
4453467.734
4294138.437
4365953.043
4317773.554
4646393.852
5221351.539
5266151.587
5163242.63
4739732.637
0
0
0
0
0
0
0
0
0
0
0
0
0
0
2762862.05
2063221.008
2121953.284
2240989.222
2185090.753
2260835.147
2396481.041
2190843.395
2056447.6
1661770.693
0
0
0
0
0
0
0
0
0
0
0
0
0
0
2684724.78
1598268.858
1726334.226
1924606.324
1880500.067
1959621.566
2118520.17
2054702.455
1896116.889
1498408.224
0
0
0
0
0
0
0
0
0
0
0
0
0
0
5673557.848
6736106.365
6733754.113
6968886.4
6606530.247
7531136.838
7898562.859
6921883.701
7053006.837
6509106.389
0
0
0
0
0
0
0
0
0
0
0
0
0
0
3755892.89
5201355.794
4094601.409
4103328.479
4608958.199
4434848.562
4793178.64
5186008.936
4517403.15
3812438.79
0
0
0
0
0
0
0
0
0
0
0
0
0
0
5657100.038
6864048.666
7706747.586
8381631.24
7404777.487
7610901.118
7902451.474
8044520.214
8226537.752
7230143.186
0
0
0
0
0
0
0
0
0
0
0
0
0
0
6197091.552
7957566.212
8286442.632
8973651.708
8428520.524
8888416.668
9484294.229
9050998.196
9158699.003
8413243.483
0
0
0
0
0
0
0
0
0
0
0
0
0
0
0
826548.6865
0
635957.2376
0
345156.4508
236914.2319
211617.9906
281081.7382
166856.1084
0
0
0
0
0
0
0
0
0
0
0
0
0
0
268462.5347
14147.61213
21745.00197
25614.02446
26568.09203
27948.48526
34923.83734
35920.96964
86871.96765
55080.69304
0
0
0
0
0
0
0
0
0
0
0
0
0
0
1648665.097
14262.84866
21638.06221
26770.18442
26084.19307
41196.45252
165355.9589
209265.9214
278295.3477
161350.0812
0
0
0
0
0
0
0
0
0
0
0
0
0
0
9033641.071
8265610.559
8671128.644
8735817.917
8596146.728
8672287.216
9227271.249
9499069.319
9303572.866
8692823.699
0
0
0
0
0
0
0
0
0
0
0
0
0
0
1008967.061
2509569.848
2613365.138
2708118.058
1958765.474
2578426.43
3432043.124
2940330.335
2566040.246
1741062.488
0
0
0
0
0
0
0
0
0
0
0
0
0
0
0
1115253.938
0
1506934.465
567550.8072
1005860.488
759700.3358
484326.7253
678363.7103
815477.2108
0
0
0
0
0
0
0
0
0
0
0
0
0
0
1154594.326
1776318.357
413918.3011
1140489.06
791022.2372
1091768.596
1054411.906
981262.8
1118353.192
1229576.688
0
0
0
0
0
0
0
0
0
0
0
0
0
0
2984901.08
3082446.757
3382065.385
3875396.486
3762746.887
3775032.184
4500383.932
4793498.396
4573386.238
3962535.621
0
0
0
0
0
0
0
0
0
0
0
0
0
0
2008675.678
1233010.229
1432515.003
1725056.589
1497984.718
1692461.758
1878203.891
1925491.981
1923838.69
1583655.685
0
0
0
0
0
0
0
0
0
0
0
0
0
0
1126729.71
815610.8418
952524.1918
1058394.965
1031539.107
995089.0749
1017720.209
892444.3569
759041.0704
497649.1535
0
0
0
0
0
0
0
0
0
0
0
0
0
0
0
109427.7731
0
93666.59481
0
0
0
0
0
96460.83958
0
0
0
0
0
0
0
0
0
0
0
0
0
0
0
57084.49189
0
81561.7651
60162.96798
260606.9576
631843.4869
1078564.797
1277725.766
838674.4924
0
0
0
0
0
0
0
0
0
0
0
0
0
0
0
501737.3523
475145.1196
1018963.785
857013.2303
1146606.173
1684031.283
1594165.422
1459715.162
694866.6542
0
0
0
0
0
0
0
0
0
0
0
0
0
0
48690.6619
1140466.476
1425231.368
1568260.623
1189622.413
2098670.406
2896868.259
2876901.168
2695219.87
2013565.643
0
0
0
0
0
0
0
0
0
0
0
0
0
0
1269268.076
2930237.63
3598308.794
4128608.844
3970822.968
4813625.959
5381006.585
5102825.644
4965175.308
3990860.169
0
0
0
0
0
0
0
0
0
0
0
0
0
0
1085897.907
1628783.56
1773962.502
1924195.591
1798823.711
1853090.769
2081910.273
2184427.911
2162903.298
1812470.873
0
0
0
0
0
0
0
0
0
0
0
0
0
0
1075389.269
1604639.49
1739217.98
1804460.41
1698559.02
1715000.262
1883707.531
2078514.382
1875377.578
1440928.124
0
0
0
0
0
0
0
0
0
0
0
0
0
0
926890.6475
3411499.107
3141251.121
3301272.088
3423402.018
4440244.322
5200973.925
5418157.341
4839822.202
3954793.982
0
0
0
0
0
0
0
0
0
0
0
0
0
0
1051253.776
3857120.592
3846619.413
3673034.578
4145943.778
4945111.02
5522144.536
6024196.396
6232025.262
5331658.215
0
0
0
0
0
0
0
0
0
0
0
0
0
0
4528206.539
7367455.536
7364914.561
7178467.417
7023165.649
7845871.489
8160193.925
7523626.689
7625410.848
8082965.298
0
0
0
0
0
0
0
0
0
0
0
0
0
0
4751865.491
8352159.689
7986431.603
8104590.53
8067580.572
8836510.383
9340142.813
9440692.497
9122315.443
8470186.306
0
0
0
0
0
0
0
0
0
0
0
0
0
0
6584996.4
9169147.486
8440513.294
8468198.082
8480019.709
8268770.919
8820461.416
9325217.252
8511319.969
7511846.952
0
0
0
0
0
0
0
0
0
0
0
0
0
0
1888077.224
3089229.66
2665476.468
2691008.114
2534569.314
2562712.054
2782810.396
2892585.124
2946955.584
2626356.788
0
0
0
0
0
0
0
0
0
0
0
0
0
0
1526313.437
2596399.899
2456018.469
2424728.491
2274883.23
2407068.714
2558803.966
2629529.048
2547991.477
2144464.469
0
0
0
0
0
0
0
0
0
0
0
0
0
0
1125190.757
3628142.149
3206974.035
3393443.538
3322837.521
3056648.054
3419649.01
3512329.775
2897060.296
2344947.041
0
0
0
0
0
0
0
0
0
0
0
0
0
0
167457.8259
2547051.654
2610991.196
2528561.778
2082294.086
2165603.432
3027862.169
3050448.645
2146110.378
1981546.34
0
0
0
0
0
0
0
0
0
0
0
0
0
0
1085925.943
2230163.813
2104230.558
2305471.018
1687824.323
1520713.584
1745593.024
1312071.625
1236996.473
974998.9051
0
0
0
0
0
0
0
0
0
0
0
0
0
0
552594.7799
1727284.555
540975.3738
1705650.877
1065121.886
1772788.535
1366975.47
1150702.362
1155582.644
1142498.715
0
0
0
0
0
0
0
0
0
0
0
0
0
0
1317252.619
1984932.542
905136.809
1867426.237
1534858.087
3085223.863
4188301.955
3606340.034
3766244.474
3227467.885
0
0
0
0
0
0
0
0
0
0
0
0
0
0
1627219.382
1058306.345
1326500.862
1397625.351
1421564.94
1472734.31
1737838.079
1776438.788
1798870.557
1427724.503
0
0
0
0
0
0
0
0
0
0
0
0
0
0
2292057.089
1470574.499
1498656.89
1594618.693
1574769.214
1723182.999
1925224.318
1901126.455
1866624.005
1549230.846
0
0
0
0
0
0
0
0
0
0
0
0
0
0
7867344.762
9315871.295
9144990.89
9294778.347
9507869.572
9375271.628
9938503.335
10115126.46
9477178.705
8915495.243
0
0
0
0
0
0
0
0
0
0
0
0
0
0
8042753.675
10886207.53
10523224.97
10504374.87
10528928.74
10236148.75
10731443.18
11163859.59
10837540.44
10266428.35
0
0
0
0
0
0
0
0
0
0
0
0
0
0
9581151.904
12591864.04
11274045.13
11697694.26
11859866.11
11303383.06
11323630.13
11485452.22
11055131.19
10400026.09
0
0
0
0
0
0
0
0
0
0
0
0
0
0
9122829.287
12486613.3
11110898.26
11523900.35
11473035.78
10890471.13
12032688.92
12509080.1
11356965.05
10307575.81
0
0
0
0
0
0
0
0
0
0
0
0
0
0
9347421.572
13303265.35
12377443.69
12411229.45
12183474.41
11573356.51
12576480.41
12494778.51
11748109.82
11701878.93
0
0
0
0
0
0
0
0
0
0
0
0
0
0
4631597.657
4704704.357
3658369.922
3481814.246
3303247.799
3364303.791
3537349.88
3575370.016
3618789.794
3323040.662
0
0
0
0
0
0
0
0
0
0
0
0
0
0
4399514.218
4484759.202
3613482.078
3634711.029
3556964.176
3428222.559
3507022.492
3434209.658
3370740.371
2942458.354
0
0
0
0
0
0
0
0
0
0
0
0
0
0
8764242.865
12053493.37
10077372.15
9748918.398
9578855.958
9389922.705
10227649.47
10544584.87
8850392.875
7920532.52
0
0
0
0
0
0
0
0
0
0
0
0
0
0
715496.4802
3218740.848
2263588.159
2220517.672
1652007.484
1211097.474
1361916.243
1315486.16
993475.6767
770553.2038
0
0
0
0
0
0
0
0
0
0
0
0
0
0
108142.1498
1352512.862
0
1126445.26
424672.6962
388169.5827
452580.6161
581868.33
365339.1489
107785.7943
0
0
0
0
0
0
0
0
0
0
0
0
0
0
105534.1915
1376245.621
1768252.212
2218463.982
2275235.458
2644706.163
2941734.133
3203468.806
3334685.438
2832460.575
0
0
0
0
0
0
0
0
0
0
0
0
0
0
1289377.633
3078301.65
3582677.346
4497825.391
4464594.195
4400657.636
4925959.619
5468956.742
5594715.558
4989642.277
0
0
0
0
0
0
0
0
0
0
0
0
0
0
2245135.911
2941117.657
2541961.576
2589844.735
2380645.142
2515357.17
2706833.636
2728705.067
2730700.579
2375330.555
0
0
0
0
0
0
0
0
0
0
0
0
0
0
2587169.704
2898493.269
2438184.758
2313640.365
2121767.17
2254739.016
2535128.092
2609341.586
2517649.166
2101521.971
0
0
0
0
0
0
0
0
0
0
0
0
0
0
4867273.439
7573435.581
7881858.104
8141362.779
7254414.913
7164637.437
8031366.873
8494913.866
7594456.379
7094218.857
0
0
0
0
0
0
0
0
0
0
0
0
0
0
2288529.026
5675268.12
5328782.681
5007276.819
4815646.278
4587419.62
4338948.975
4660901.961
4901176.971
5266592.843
0
0
0
0
0
0
0
0
0
0
0
0
0
0
5550621.123
7541342.189
8064274.33
8629313.928
8159735.027
8859100.428
9297906.63
8849045.925
8185172.069
7682710.523
0
0
0
0
0
0
0
0
0
0
0
0
0
0
7103385.961
9502500.178
9497582.323
9986792.53
9929827.176
9563694.384
9593365.851
9908897.517
9476911.728
8951685.553
0
0
0
0
0
0
0
0
0
0
0
0
0
0
8149313.052
9670104.924
8859365.625
9229156.168
9069785.323
8619160.13
8626012.855
8474533.048
7820089.508
7479615.029
0
0
0
0
0
0
0
0
0
0
0
0
0
0
3965261.837
1973070.629
1525617.84
1515611.39
1458026.577
1456074.083
1519721.474
1444617.418
1346819.993
1135153.296
0
0
0
0
0
0
0
0
0
0
0
0
0
0
3845283.147
1787245.404
1630756.958
1597472.673
1636520.167
1534620.377
1492537.073
1422959.253
1270028.282
1032377.893
0
0
0
0
0
0
0
0
0
0
0
0
0
0
6629921.097
6776687.37
6978351.347
7611765.697
7579900.326
7878813.703
8052803.787
8619756.086
8422389.238
7553015.516
0
0
0
0
0
0
0
0
0
0
0
0
0
0
5799656.158
6520142.63
6179790.949
6456036.699
6571278.61
6288391.684
6036381.924
5362636.175
5230672.568
4518479.23
0
0
0
0
0
0
0
0
0
0
0
0
0
0
1452842.832
2735475.329
1195274.177
1743752.225
1920510.981
1789306.054
2073483.447
1912968.744
1619383.229
1311340.808
0
0
0
0
0
0
0
0
0
0
0
0
0
0
364858.8296
2318662.36
2937640.539
3567902.838
3333158.763
3977883.458
4428485.145
4474285.678
4786249.471
4526676.782
0
0
0
0
0
0
0
0
0
0
0
0
0
0
1293162.911
3139666.039
3504335.056
3744314.858
3657837.456
3921798.355
4484112.503
4137711.602
3956764.572
3247884.547
0
0
0
0
0
0
0
0
0
0
0
0
0
0
1565965.217
2701979.056
2593939.755
2613899.619
2390727.346
2480632.109
2590231.176
2710214.382
2695458.899
2353709.653
0
0
0
0
0
0
0
0
0
0
0
0
0
0
3294767.525
3181530.589
2596953.567
2499844.364
2316008.34
2496055.312
2707881.825
2766184.376
2788797.399
2428283.142
0
0
0
0
0
0
0
0
0
0
0
0
0
0
7613772.011
10204568.26
9617952.235
10139841.31
10394860.17
10708092.18
11049374.98
10524350.64
10146845.95
9274614.617
0
0
0
0
0
0
0
0
0
0
0
0
0
0
5906461.328
8895811.376
7812203.679
8117844.118
8273847.593
8385636.038
9053418.799
9734907.992
8911830.822
7816646.872
0
0
0
0
0
0
0
0
0
0
0
0
0
0
6223175.857
9064181.386
8019536.637
8261774.203
8252838.951
8418143.378
8939237.592
8980838.026
8619678.512
8441769.394
0
0
0
0
0
0
0
0
0
0
0
0
0
0
7341012.526
10234156.81
9835153.636
10213612.66
10225032.44
9876804.508
10017603.53
10298334.36
9575520.119
8909020.851
0
0
0
0
0
0
0
0
0
0
0
0
0
0
8250999.144
10914968.94
10324699.59
10870234.21
10742717.41
10492665.54
11433273.31
12030848.76
11709272.55
10894666.35
0
0
0
0
0
0
0
0
0
0
0
0
0
0
4213193.499
3752559.796
3127125.012
3006029.306
2822664.07
2918222.679
3050406.611
3007352.599
2925073.332
2517084.419
0
0
0
0
0
0
0
0
0
0
0
0
0
0
4700313.396
3101543.881
2311106.332
2188576.235
2040015.241
2014393.931
2032217.293
1943336.314
1875769.667
1630187.467
0
0
0
0
0
0
0
0
0
0
0
0
0
0
11746040.11
14058048.5
13127041.65
12771904.1
12778280.08
12729161.57
13319871.86
13478094.32
12909453.76
12333302.85
0
0
0
0
0
0
0
0
0
0
0
0
0
0
11851489.29
14763410.59
13902421.38
12559869.37
11823382.14
13056593.7
13437013.16
13636341.3
13702247.11
12686687.8
0
0
0
0
0
0
0
0
0
0
0
0
0
0
10379352.06
14426089.86
13759295
14417283.71
14039237.54
14218403.58
14412844.97
13664303.28
12870305.95
12653811.74
0
0
0
0
0
0
0
0
0
0
0
0
0
0
10438321.4
14732367.04
13154048.85
12211177.57
11211523.98
11774471.12
12468120.39
12416541.48
12173948.64
11225455.71
0
0
0
0
0
0
0
0
0
0
0
0
0
0
11425240.93
15491697.67
13799210.06
13664589.92
12902592.69
12020028.29
12168453.15
12650468.25
12925018.79
12426368.19
0
0
0
0
0
0
0
0
0
0
0
0
0
0
5017211.976
3953601.819
2977159.5
3008764.289
2968324.481
3212599.631
3277563.67
3288256.888
3203267.069
2785187.344
0
0
0
0
0
0
0
0
0
0
0
0
0
0
5125191.049
4293883.708
3420709.252
3341216.311
3100323.803
3204152.197
3198040.081
3090263.497
2807328.514
2518275.038
0
0
0
0
0
0
0
0
0
0
0
0
0
0
11433093.38
14550860.57
13479955.39
13905991.6
14414883.72
13905936.71
13837441.53
13981093.48
13628487.14
12928242.92
0
0
0
0
0
0
0
0
0
0
0
0
0
0
11716788.12
16338587.26
14894326.22
15055674.95
15038813.58
14294214.07
14556508.15
14805858.99
13697208.92
13012151.22
0
0
0
0
0
0
0
0
0
0
0
0
0
0
12323205.23
16476887.81
15023059.7
13684373.76
11667908
11159112.07
12227432.3
12891223.02
12459529.52
12070752.43
0
0
0
0
0
0
0
0
0
0
0
0
0
0
10620525.17
13796210.01
12666033.15
12890928.79
12789748.24
12304765.11
11448683.5
11271011.99
11471818.82
11266392.25
0
0
0
0
0
0
0
0
0
0
0
0
0
0
9049920.791
11662558.39
10381545.09
9741231.027
9309967.929
9284071.179
9795950.535
9702704.361
8982925.805
8670000.159
0
0
0
0
0
0
0
0
0
0
0
0
0
0
4196820.683
3048735.546
2475568.841
2443527.744
2347776.815
2347060.237
2304191.613
2196401.422
2047484.219
1796918.254
0
0
0
0
0
0
0
0
0
0
0
0
0
0
4392441.797
3107334.922
2654260.261
2671569.646
2493057.663
2418818.084
2405255.88
2281612.179
2144719.94
1847625.832
0
0
0
0
0
0
0
0
0
0
0
0
0
0
10493487.69
11661263.34
11311437.28
11610918.34
9973046.884
7906305.319
8438758.008
9687598.569
9603503.082
8929586.769
0
0
0
0
0
0
0
0
0
0
0
0
0
0
11073659.93
13504072.91
13341801.46
13562853.3
12941569.85
12639963.37
12923561.48
13439256.27
12866185.66
12293636.05
0
0
0
0
0
0
0
0
0
0
0
0
0
0
11351093.39
13818593.42
13007614.6
13921990.12
14265568.87
13697915.42
13560663.41
13969093.77
13638549.27
12494439.84
0
0
0
0
0
0
0
0
0
0
0
0
0
0
11449662.73
13835310.18
11563183.11
11520977.65
11504005.94
10097300.28
9617811.759
9447452.005
9419050.295
9275098.769
0
0
0
0
0
0
0
0
0
0
0
0
0
0
9734908.179
12163505.81
12333070.65
12550422.78
11719811.28
11770210.57
12224255.92
12361630.72
12061619.48
11516458.09
0
0
0
0
0
0
0
0
0
0
0
0
0
0
4204305.586
3414295.472
3018944.945
3100743.105
2900535.971
2651307.857
2766971.529
2503840.149
2534923.95
2224618.258
0
0
0
0
0
0
0
0
0
0
0
0
0
0
4883758.479
3484048.532
2935617.682
3068593.352
3009084.607
3182125.784
3198169.568
3061174.55
2851443.386
2441938.273
0
0
0
0
0
0
0
0
0
0
0
0
0
0
11516312.68
13223204.65
12330815.89
12625393.79
12801003.75
12747598.35
13085467.26
13163929.04
12787665.8
12199257.26
0
0
0
0
0
0
0
0
0
0
0
0
0
0
11759436.72
13670447.88
12727313.38
13228979.48
13276865.01
13151866.44
13688790.84
14111561.4
13435109.18
12370460.48
0
0
0
0
0
0
0
0
0
0
0
0
0
0
11638922.5
14299930.78
13330326.5
13350785.35
12969319.57
12752896.26
13065883.07
13156681.46
12492106.18
11939759.14
0
0
0
0
0
0
0
0
0
0
0
0
0
0
11625470.94
14005883.14
12578565.97
12668082.03
12828356.49
12738974.97
13225996.67
13319779.25
12675697.21
12140012.44
0
0
0
0
0
0
0
0
0
0
0
0
0
0
11377583.74
15337211.62
13581240.11
13519929.98
13964138.07
13577317.91
13819814.63
14250380.74
13932182.56
12874179.07
0
0
0
0
0
0
0
0
0
0
0
0
0
0
5387678.54
5310264.871
3973882.46
3789050.596
3504330.348
3542371.52
3729085.076
3811738.087
3862646.612
3621474.789
0
0
0
0
0
0
0
0
0
0
0
0
0
0
5326879.751
5268348.485
4006423.893
3881613.633
3617839.344
3637581.935
3778059.836
3887592.915
3860634.556
3463088.119
0
0
0
0
0
0
0
0
0
0
0
0
0
0
10795302.07
15487348.77
14158529.88
13995567.77
13542557.26
12711275.85
13174229.81
13449222.03
12839564.86
12427088.07
0
0
0
0
0
0
0
0
0
0
0
0
0
0
11237599.67
15507500.23
13224972.57
13181117.95
13505049.69
12765581.78
13321823.58
13491530.94
13353615.23
13155462.45
0
0
0
0
0
0
0
0
0
0
0
0
0
0
11233551.26
16103312.1
14533270.26
14614742.71
14588206
13943124.35
14005407.07
14538368.62
14539602.54
13587213.54
0
0
0
0
0
0
0
0
0
0
0
0
0
0
10237529.32
15626928.36
13555501.48
13322557.27
13555370.03
13356144.47
13740272.04
14197362.7
13528925.76
13670569.78
0
0
0
0
0
0
0
0
0
0
0
0
0
0
10332944.66
16383171.42
15170546.54
14448362.77
13867058.12
14597677.51
14867380.56
14082425.8
13080469
12569758.83
0
0
0
0
0
0
0
0
0
0
0
0
0
0
4965087.901
5375394.245
4143866.884
4195515.551
3975119.906
3707732.03
3578783.745
3370944.093
3194224.064
2844617.398
0
0
0
0
0
0
0
0
0
0
0
0
0
0
4417486.172
4229162.678
3342098.337
3470739.72
3466812.532
3206258.959
3093489.084
2861530.073
2659241.599
2347892.693
0
0
0
0
0
0
0
0
0
0
0
0
0
0
8432249.385
11089812.14
10038524.13
9811668.221
9701775.996
9948959.623
10486514.13
10872764.42
10197392.94
9125494.518
0
0
0
0
0
0
0
0
0
0
0
0
0
0
10827314.54
12781973.62
11972005.82
12503382.66
12675920.77
12747530.15
13074291.85
12986825.3
12488035.13
12087063.69
0
0
0
0
0
0
0
0
0
0
0
0
0
0
10913628.85
12964131.31
11754021.98
11977516.72
12511922.18
12493762.96
12989088.68
13417514.41
12740716.8
11903213.81
0
0
0
0
0
0
0
0
0
0
0
0
0
0
11292911.02
14037555.81
12536174.02
13009820.34
13670655.1
12828338.5
12806669.45
13656725.28
13011593.68
12356980.63
0
0
0
0
0
0
0
0
0
0
0
0
0
0
12443860.65
15195840.4
14108090.68
14104010.4
14226708.42
14054189.37
13491224.62
12593293.23
11621952.02
11520946.48
0
0
0
0
0
0
0
0
0
0
0
0
0
0
5003255.169
4551279.742
3620706.157
3640967.511
3479678.045
3405186.195
3090290.381
2893360.491
2725860.432
2418782.617
0
0
0
0
0
0
0
0
0
0
0
0
0
0
4852110.835
4482298.819
3496292.434
3407354.783
3167445.449
3142337.075
3385149.132
3488171.283
3503422.411
3180420.265
0
0
0
0
0
0
0
0
0
0
0
0
0
0
10879195.98
15136201.83
14284885.12
13636257.42
13050781.26
13659505.77
14551529.88
14476826.77
13622255.85
12904498.73
0
0
0
0
0
0
0
0
0
0
0
0
0
0
11236693.48
16141950.82
15247747.29
15095544.96
14501374.74
14692417.98
15178377.65
15197710.69
14714497.96
14397805.01
0
0
0
0
0
0
0
0
0
0
0
0
0
0
10175139.81
15900491.03
14327433.29
14668460.52
13841461.39
13424349.54
14454273.14
15173475.61
14961000.53
14373025.43
0
0
0
0
0
0
0
0
0
0
0
0
0
0
9837767.997
16139013.69
14429094.31
14752865.25
14325820.48
14470634.51
15416762.67
15761025.14
15635069.19
15250149.37
0
0
0
0
0
0
0
0
0
0
0
0
0
0
10768982.04
17410727.51
14920014.79
13976708.15
12683909.56
14088864.45
14947821.61
13322549.33
13994726.09
14099864.65
0
0
0
0
0
0
0
0
0
0
0
0
0
0
5776844.343
6456467.353
4741541.234
4533177.56
4335744.439
4330831.095
4585801.438
4485652.697
4279348.789
3764303.956
0
0
0
0
0
0
0
0
0
0
0
0
0
0
5667568.459
5815650.532
4451488.009
4351339.258
4095195.258
4066148.02
4289892.37
4097795.726
3855545.82
3430628.369
0
0
0
0
0
0
0
0
0
0
0
0
0
0
12537702.46
16805572.4
15600131.43
15263244.81
14673852.09
15135365.3
16020993.01
15997212.29
15692013.59
14970620.22
0
0
0
0
0
0
0
0
0
0
0
0
0
0
12213994.35
17589284.97
16361734.03
16120361.77
16017139.04
15582791.2
16095263.07
17020401.32
15948078.87
14777490.48
0
0
0
0
0
0
0
0
0
0
0
0
0
0
12540794.91
17963293.15
16459833.04
16531866.65
16763599.42
16602677.74
16512114.43
16542447.75
15691302.85
15070270.44
0
0
0
0
0
0
0
0
0
0
0
0
0
0
12449295.6
17678279.5
16239356.36
16513981.36
16295772.18
15798397.96
15942766.52
15901677.6
15512158.49
15327170.89
0
0
0
0
0
0
0
0
0
0
0
0
0
0
10168833.54
16872823.62
15460881.58
15471825.6
15279028.47
15416995.05
16235072.38
16196243.56
15316907.71
14330220.61
0
0
0
0
0
0
0
0
0
0
0
0
0
0
5388715.643
6571174.233
4781218.285
4611581.86
4278572.262
4245020.442
4400730.552
4470061.108
4526422.131
4258663.724
0
0
0
0
0
0
0
0
0
0
0
0
0
0
5600668.27
6222167.008
4558192.661
4279520.214
3954521.449
3962064.189
4211774.369
4333578.234
4423971.937
4221378.405
0
0
0
0
0
0
0
0
0
0
0
0
0
0
12293604.3
18273603.68
16452015.11
16409180.54
16159011
15689607.79
16777394.38
18053607.63
17434432.9
16744792.12
0
0
0
0
0
0
0
0
0
0
0
0
0
0
11664502.19
18096894.51
16419096.5
16324859.47
16234861.48
16501321.16
16952047.37
17132676.3
16896798.49
17141131.71
0
0
0
0
0
0
0
0
0
0
0
0
0
0
12881516.48
19725336.44
17148702.09
16230813.45
15681511.04
15734730.45
17160712.76
17594453.68
16770383.48
16751108.21
0
0
0
0
0
0
0
0
0
0
0
0
0
0
11150403.68
18194056.54
16300865.82
15720326.42
15164420.87
15325294.46
15779414.24
15734033.14
14784261.98
14777296.51
0
0
0
0
0
0
0
0
0
0
0
0
0
0
9530359.233
16324493.94
15051001.51
15351928.69
14191187.57
14340404.63
15295463.41
15224967.46
15574166.39
15559229.95
0
0
0
0
0
0
0
0
0
0
0
0
0
0
5946054.429
7003365.284
5096156.035
4834179.092
4583301.76
4505775.22
4689087.421
4791121.336
4734187.198
4387417.811
0
0
0
0
0
0
0
0
0
0
0
0
0
0
6164264.375
6552758.865
4864128.358
4651278.433
4438366.689
4448531.449
4582133.55
4494666.63
4227692.659
3763070.472
0
0
0
0
0
0
0
0
0
0
0
0
0
0
11784905.5
14651915.18
12629271.49
11900202.16
11504335.38
10516612.94
10454159.03
11027847.52
11112091.84
11030646.06
0
0
0
0
0
0
0
0
0
0
0
0
0
0
10181424.01
14964704.09
14197947.85
14157623.31
13468147.57
14298113.56
15522648.37
16102369.45
16051098.35
15293338.13
0
0
0
0
0
0
0
0
0
0
0
0
0
0
10583846.27
16326434.1
14371716.37
14696378.37
13988357.74
13668625.66
14626715.81
15667550.3
15580298.07
14963376.76
0
0
0
0
0
0
0
0
0
0
0
0
0
0
11446252.46
17453137.38
15116633.48
15495696.24
15620044.19
15221526.58
16261399.02
17171150.53
16220730.35
15528459.76
0
0
0
0
0
0
0
0
0
0
0
0
0
0
9418130.257
14427583.54
13743757.23
14117510.97
13581938.57
13761512.2
14265551.28
13794283.14
12663409.6
11385700.02
0
0
0
0
0
0
0
0
0
0
0
0
0
0
4789973.229
4384706.149
3189646.248
3037313.177
2837998.653
2806777.451
2857238.544
2726605.373
2559299.345
2290175.489
0
0
0
0
0
0
0
0
0
0
0
0
0
0
4230151.885
3191545.324
2614513.401
2573526.263
2482771.372
2523333.083
2469177.579
2387113.988
2225223.343
1904400.685
0
0
0
0
0
0
0
0
0
0
0
0
0
0
11131927.55
13293986.03
12676666.38
12605265.65
10812878.36
11029914.32
12411807.59
11635188.44
11901391.46
11444130.64
0
0
0
0
0
0
0
0
0
0
0
0
0
0
11069975.53
15327573.93
13279578.95
12690657.82
12448349.02
13254059.63
13493403.82
12807997.96
12909536.8
12232682.75
0
0
0
0
0
0
0
0
0
0
0
0
0
0
11204119.6
14495786.61
13403495.2
14227194.24
13458376.54
12981645.8
14116903.16
13925161.84
12534992.84
12211434.52
0
0
0
0
0
0
0
0
0
0
0
0
0
0
8174710.587
12085514.72
11085137.12
10422128.62
10320707.48
10441726.52
10636611.67
10577358.02
10222562.82
9650039.306
0
0
0
0
0
0
0
0
0
0
0
0
0
0
10460349.02
13579819.14
13043025.44
12972034.97
12201823.57
11708310.59
11876054.99
11516364.68
11135973.75
10722382.22
0
0
0
0
0
0
0
0
0
0
0
0
0
0
4917468.687
4248669.563
3172736.015
3070646.121
2744817.448
2894912.508
3149440.25
3009019.767
2874273.676
2494312.37
0
0
0
0
0
0
0
0
0
0
0
0
0
0
4020438.699
3102183.178
2250723.659
2158944.703
2027353.905
2073281.432
2141759.679
2221467.766
2146230.496
1867758.344
0
0
0
0
0
0
0
0
0
0
0
0
0
0
10291186.28
12927290.12
12348895.99
12336386.12
12330841.14
13121741.51
13776243.81
13785858.52
13297335.99
12535715.28
0
0
0
0
0
0
0
0
0
0
0
0
0
0
11122415.37
15063965.36
14316818.41
14782209.46
14263235.33
13876377.53
14360233.63
14682812.46
14612797.26
14430650.59
0
0
0
0
0
0
0
0
0
0
0
0
0
0
11275012.17
16180461.22
14584518.82
14353795.8
14250614.39
14337854.29
14852322.55
15085541.12
14804051.57
14229106.66
0
0
0
0
0
0
0
0
0
0
0
0
0
0
11358639.43
16579611.74
14529806.42
14425998.86
15222370.49
15111854.01
14769638.14
14398050.65
14051413.18
13561995.92
0
0
0
0
0
0
0
0
0
0
0
0
0
0
10021238.03
15463198.74
14163217.12
14371772.04
13878083.35
13149347.35
13437201.15
12630471.58
11220326.38
10690223.34
0
0
0
0
0
0
0
0
0
0
0
0
0
0
5009955.839
4803848.666
3753380.736
3697532.212
3532645.71
3493162.791
3661764.368
3784276.285
3718678.296
3322673.047
0
0
0
0
0
0
0
0
0
0
0
0
0
0
4996072.002
4515640.506
3488482.211
3436073.045
3267839.72
3357042.879
3477471.587
3274296.596
3072195.635
2708799.017
0
0
0
0
0
0
0
0
0
0
0
0
0
0
10575996.38
14213096
12873039.28
13036859.97
12673043.03
12467623.63
12099257.6
11350035.35
11754816.52
10956785.71
0
0
0
0
0
0
0
0
0
0
0
0
0
0
10127673.63
15207435.96
13677731.04
13586426.87
13623019.86
13692766.05
14694301.16
14734516.47
13631779.44
13072533.9
0
0
0
0
0
0
0
0
0
0
0
0
0
0
11362096.36
16117866.58
14934725.5
14896562.09
14596116.31
14575694.44
15637837.4
16161100.35
16018401.75
15699484.93
0
0
0
0
0
0
0
0
0
0
0
0
0
0
11785334.19
17376461.44
16360371.58
16765084.74
15840549.79
15997630.72
17089350.5
17084652.89
16177127.54
15635863.66
0
0
0
0
0
0
0
0
0
0
0
0
0
0
11532495.8
17993183.89
15785632.73
15459886.71
14755010.62
14195464.17
15302683.15
16130154.49
14608654.8
13567024.14
0
0
0
0
0
0
0
0
0
0
0
0
0
0
4465930.606
5339127.918
4001134.612
3838516.604
3626249.299
3655963.147
3833704.389
3622118.281
3307789.994
2895309.403
0
0
0
0
0
0
0
0
0
0
0
0
0
0
4995507.816
4848607.09
3703174.821
3588245.273
3464749.138
3513436.595
3623155.816
3686268.879
3669256.414
3290704.485
0
0
0
0
0
0
0
0
0
0
0
0
0
0
11576459.62
15110854.91
13432230.88
13425376.94
13791321.02
14342962.23
14452828
15140880.15
15757387.69
15773285.86
0
0
0
0
0
0
0
0
0
0
0
0
0
0
12372201.54
17526814.87
16417749.1
16565259.49
15988760.48
16116952.71
16828203.08
16529888.87
14794657.21
14559217.09
0
0
0
0
0
0
0
0
0
0
0
0
0
0
11194492.85
15255261.25
13589350.21
13872663.57
13942780.81
13784684.22
14385478.67
14882377.23
13373342.8
12873673.1
0
0
0
0
0
0
0
0
0
0
0
0
0
0
11091240.73
16221096.97
14309010.38
14983303.69
15272492.06
14083692.11
14061686.81
13560750.12
13742584.77
13413639.48
0
0
0
0
0
0
0
0
0
0
0
0
0
0
11542259.81
17094096.29
15973645.88
15577157.31
15585054.58
14327218.69
12682678.38
12680825.09
12860607.04
12857834.65
0
0
0
0
0
0
0
0
0
0
0
0
0
0
5209879.783
5414831.368
4097922.517
3913062.789
3866042.764
3974898.09
4012064.329
3939288.903
3657947.781
3211128.785
0
0
0
0
0
0
0
0
0
0
0
0
0
0
3740280.2
5068087.512
4104568.754
4191223.137
4005482.261
4030986.44
4225875.649
4095870.188
3879160.623
3372111.224
0
0
0
0
0
0
0
0
0
0
0
0
0
0
3718434.547
9558069.402
8537133.727
8564639.205
8284114.272
8954935.322
10308653.7
10547113.87
10095877.72
9237804.949
0
0
0
0
0
0
0
0
0
0
0
0
0
0
4081450.491
11470077.67
9897706.251
9610990.899
9574565.671
9782834.196
10335538.77
10751708.45
10918500.4
10232172.32
0
0
0
0
0
0
0
0
0
0
0
0
0
0
4225523.288
11119381.46
9679315.237
9817349.242
10173011.44
10880701.92
11735633.19
11222963.25
10632431.91
9767567.653
0
0
0
0
0
0
0
0
0
0
0
0
0
0
4524468.781
11631173.85
10645873.48
10775270.31
10781463.06
10881054.08
11710990.92
12440056.69
11405285.68
11268944.29
0
0
0
0
0
0
0
0
0
0
0
0
0
0
9099615.59
14176671.12
12715650.6
12713489.69
12900090.05
12822279.3
12985176.71
13267959.65
12441655.1
11296221.89
0
0
0
0
0
0
0
0
0
0
0
0
0
0
4798844.796
5533117.262
4252194.89
4147590.236
3897437.22
3879859.12
4045065.944
3987054.601
3716658.984
3241878.099
0
0
0
0
0
0
0
0
0
0
0
0
0
0
3508255.779
5182023.043
4014191.873
3836679.741
3599882.538
3575881.421
3774607.694
3805301.7
3696364.857
3244017.223
0
0
0
0
0
0
0
0
0
0
0
0
0
0
7952510.175
12936085.84
11706341.38
11756780.88
11408835.85
11996812.37
12754127.99
13091133.34
13337122.59
12532769.11
0
0
0
0
0
0
0
0
0
0
0
0
0
0
9959826.571
14423800.05
14085159.5
14092576.35
13593691.06
14119111.89
14141745.11
14506015.39
14954956.92
14496343.44
0
0
0
0
0
0
0
0
0
0
0
0
0
0
9905202.58
14103861.06
12700307.38
11695321.41
11450438.04
11663779.07
11817614.77
11897203.78
11106073.64
9797308.939
0
0
0
0
0
0
0
0
0
0
0
0
0
0
9763901.274
14754558.34
11343881.64
10504192.38
10149902.36
10646967.93
11412017.14
12125667.56
11938193.25
11366721.47
0
0
0
0
0
0
0
0
0
0
0
0
0
0
4929859.09
9834567.192
9330603.27
10143998.5
10192579.17
10803514
11809484.93
11461123.98
10583145.64
9922511.845
0
0
0
0
0
0
0
0
0
0
0
0
0
0
3950520.531
6469313.083
4845262.269
4671586.929
4497295.061
4395565.173
4565131.82
4603133.67
4454401.643
3986306.513
0
0
0
0
0
0
0
0
0
0
0
0
0
0
4774574.578
5964868.357
4514444.933
4358148.021
4122043.259
4262700.926
4301661.393
4300292.212
4109164.287
3642864.536
0
0
0
0
0
0
0
0
0
0
0
0
0
0
9998277.488
16167446.01
14826242.25
15275115.27
14939268.13
14572742.18
15319575.87
14573910.04
13897185.89
12699335.1
0
0
0
0
0
0
0
0
0
0
0
0
0
0
11323403.81
15964149.96
14995862.96
15037767.64
14937102.24
15711776.04
16617291.28
16752553.79
15983133.34
15216911.33
0
0
0
0
0
0
0
0
0
0
0
0
0
0
9460021.196
14524249.36
14258900.66
14880323.86
14603323.75
15328433.84
15463066.69
15096294.48
14722790.78
14106962.56
0
0
0
0
0
0
0
0
0
0
0
0
0
0
9753942.43
15306133.58
14079202.92
13880466.23
13483781.79
12048776.15
12016439.54
12097926.76
11536083.55
10912259.12
0
0
0
0
0
0
0
0
0
0
0
0
0
0
7891412.712
13152404.61
11006583.29
10537999.69
10268453.04
10548918.03
10799253.86
9842124.704
9055400.028
8037652.801
0
0
0
0
0
0
0
0
0
0
0
0
0
0
4039569.633
5203851.339
4077487.939
3965435.956
3804453.143
3814866.151
3863610.965
3852013.699
3692935.24
3221659.105
0
0
0
0
0
0
0
0
0
0
0
0
0
0
3956724.935
4899959.306
3802650.321
3680481.13
3631090.097
3544159.25
3593787.363
3505852.321
3261277.618
2829702.738
0
0
0
0
0
0
0
0
0
0
0
0
0
0
6205807.938
10826442.43
10127841.69
10218205.89
9938692.358
9727040.682
9995422.203
10148611.71
9876715.994
9025235.357
0
0
0
0
0
0
0
0
0
0
0
0
0
0
7693431.513
12656791
11422088.5
11229449.91
10523566.91
10703472.73
11733810.32
11807122.01
12328761.33
11954698.15
0
0
0
0
0
0
0
0
0
0
0
0
0
0
8339984.259
12917889.22
11600598.54
11281541.65
10699221.19
11162853.43
11570488.55
11007373.62
11809256.48
10890304.64
0
0
0
0
0
0
0
0
0
0
0
0
0
0
7545523.548
12733983.48
11847481.21
12139460.34
11787504.16
12047982.75
12610776.61
12411194.89
12345474.26
11491002.04
0
0
0
0
0
0
0
0
0
0
0
0
0
0
7717177.967
13259105.21
11753701.21
11803306.78
11402554.94
11807549.91
12249305.69
11839073.73
11603674.97
10999540.01
0
0
0
0
0
0
0
0
0
0
0
0
0
0
3971288.82
4973304.475
3882644.579
3952437.793
3929564.319
3936825.938
3919264.19
3800074.062
3527122.122
3054653.17
0
0
0
0
0
0
0
0
0
0
0
0
0
0
4451064.185
4442792.843
3342641.224
3034082.187
2725108.065
2530089.507
2512680.398
2435462.923
2294326.749
2008244.102
0
0
0
0
0
0
0
0
0
0
0
0
0
0
10095256.5
13612432.75
13017468.36
12547956.31
11512536.77
11178021.26
11342183.02
11692524.88
11465146.25
9974576.84
0
0
0
0
0
0
0
0
0
0
0
0
0
0
9758528.769
13997623.6
13602713.56
13932781.45
13218333.83
13136318.76
13855374.34
13311499.9
12760202.64
12181011.21
0
0
0
0
0
0
0
0
0
0
0
0
0
0
9986838.972
15158588.01
13817611.79
13821037.96
13010852.16
12439194.75
12888828.42
13848443.4
13122517.37
11766130.47
0
0
0
0
0
0
0
0
0
0
0
0
0
0
8495889.515
14359631.81
13487270.48
13969255.8
13904070.09
13687002.99
13761628.08
13706409.25
13582855.43
12899748.17
0
0
0
0
0
0
0
0
0
0
0
0
0
0
8906284.827
13474458.35
12395340.75
13053633.66
11992318.08
11741914.88
12992689.95
12520616.85
11371550.32
10272611.24
0
0
0
0
0
0
0
0
0
0
0
0
0
0
4369948.955
5452272.287
4247809.631
4099683.421
3851907.025
3936972.71
4031483.194
4043144.26
3865237.11
3326640.01
0
0
0
0
0
0
0
0
0
0
0
0
0
0
4425298.023
4641578.382
3641764.757
3663831.21
3515823.989
3569477.783
3694008.234
3671308.963
3485625.067
2948640.836
0
0
0
0
0
0
0
0
0
0
0
0
0
0
2882621.639
7567078.376
7779415.499
8400353.088
8083331.234
9147667.38
9898073.026
9903180.207
9585938.512
8755162.4
0
0
0
0
0
0
0
0
0
0
0
0
0
0
4435100.572
9700300.764
9397652.498
9959212.329
9127881.867
9079428.829
9368514.209
9375835.619
9198413.677
7939790.027
0
0
0
0
0
0
0
0
0
0
0
0
0
0
1442396.127
3766267.278
4084859.284
4187529.055
4098785.84
4137180.328
4759054.036
4953727.907
4401640.366
3886352.286
0
0
0
0
0
0
0
0
0
0
0
0
0
0
1193182.75
3427569.174
3570718.265
3791041.139
4013362.028
4123985.133
4490391.823
4848020.196
4432953.092
3505636.166
0
0
0
0
0
0
0
0
0
0
0
0
0
0
1313171.622
3562194.085
3804415.163
3998092.385
4342477.022
4513227.187
4919195.733
5323186.329
4960106.614
4086220.608
0
0
0
0
0
0
0
0
0
0
0
0
0
0
1916530.289
2887304.229
2856072.04
2777766.747
2754956.6
2779522.656
3009966.763
3082636.015
2932031.384
2364864.744
0
0
0
0
0
0
0
0
0
0
0
0
0
0
2301707.937
3662481.862
2984428.038
2909153.978
2727830.816
2857013.349
3053288.912
3171045.067
3050238.305
2419656.292
0
0
0
0
0
0
0
0
0
0
0
0
0
0
2335480.865
4737740.428
4735035.952
4960420.631
5241177.48
5329848.174
5885639.967
6212173.237
5757372.152
4843239.687
0
0
0
0
0
0
0
0
0
0
0
0
0
0
2785699.128
5506325.952
5390887.057
5576455.243
5863722.624
6036707.684
7059176.918
7049664.512
7235515.785
6304138.261
0
0
0
0
0
0
0
0
0
0
0
0
0
0
2479938.566
7738565.349
8067660.927
7151108.993
5641999.099
5499739.319
5768033.928
5669625.86
5417278.695
4478787.374
0
0
0
0
0
0
0
0
0
0
0
0
0
0
1271091.397
2772920.493
2282621.529
1930226.218
1684143.89
1586309.799
1362077.342
1498298.696
1031315.903
625573.0417
0
0
0
0
0
0
0
0
0
0
0
0
0
0
614176.0407
2116060.06
2211690.608
2685376.626
2951184.876
2818794.112
3107870.535
3287536.747
2731337.176
2056738.026
0
0
0
0
0
0
0
0
0
0
0
0
0
0
1428599.603
2141978.819
2205222.386
2167273.798
2295589.855
2295819.63
2575120.52
2641549.049
2466791.804
1858905.284
0
0
0
0
0
0
0
0
0
0
0
0
0
0
2221439.307
2930759.345
2489425.185
2412331.731
2265034.74
2428522.932
2723506.071
2792615.226
2699506.86
2049979.867
0
0
0
0
0
0
0
0
0
0
0
0
0
0
4760171.7
7133788.484
5529255.777
5436481.095
5576305.219
5477090.451
6429499.177
7212510.663
7438413.818
6596799.906
0
0
0
0
0
0
0
0
0
0
0
0
0
0
4541631.876
6697410.641
5807442.45
5571004.277
5679292.585
6039392.516
6765359.244
6895557.427
7045399.233
7488397.707
0
0
0
0
0
0
0
0
0
0
0
0
0
0
4057730.805
7998308.548
7498494.097
7851999.487
8317863.761
8315347.305
8411938.494
8276083.349
7777815.511
6957178.487
0
0
0
0
0
0
0
0
0
0
0
0
0
0
1697063.691
5232130.116
4389756.719
4684564.549
5333153.703
4576605.956
4952278.867
5221019.762
4311737.692
3747539.798
0
0
0
0
0
0
0
0
0
0
0
0
0
0
1590724.415
3674915.755
4077971.367
4432805.961
4032266.367
4563837.018
5492724.426
5592344.551
5623555.62
5188109.977
0
0
0
0
0
0
0
0
0
0
0
0
0
0
2194134.221
3464116.077
2891083.628
2812318.935
2703857.644
2801558.107
2989862.106
3002744.322
2829758.304
2229966.334
0
0
0
0
0
0
0
0
0
0
0
0
0
0
2473148.19
3143350.504
2673668.379
2609683.529
2591444.284
2665056.163
2929475.857
3014892.734
2873950.592
2231366.312
0
0
0
0
0
0
0
0
0
0
0
0
0
0
1813617.428
5300576.903
5477719.434
6007873.735
6041198.438
6693200.534
7174757.966
6672625.807
6272056.793
5478122.636
0
0
0
0
0
0
0
0
0
0
0
0
0
0
1507381.462
4330460.01
4640809.233
4963956.624
5265514.442
5752017.006
6402248.416
6258495.209
5538942.884
4669389.419
0
0
0
0
0
0
0
0
0
0
0
0
0
0
1847216.9
4131451.538
4276251.49
4848409.745
4998798.118
4472976.901
4927492.88
4796322.582
4128530.335
3738696.746
0
0
0
0
0
0
0
0
0
0
0
0
0
0
1584974.159
3513331.622
3261015.156
3207206.453
3250235.351
2935526.008
3234249.215
3119635.172
2727179.56
1968521.469
0
0
0
0
0
0
0
0
0
0
0
0
0
0
554540.6185
2810212.56
1894853.757
2088700.076
1875030.956
1892908.734
2466687.431
2735690.966
2386857.774
1622863.355
0
0
0
0
0
0
0
0
0
0
0
0
0
0
1691663.619
662957.6145
774442.2004
798186.1579
738568.7145
796235.9415
807537.5567
758900.0252
689060.6577
453430.5189
0
0
0
0
0
0
0
0
0
0
0
0
0
0
1875322.363
314326.8958
442266.3856
484640.0444
443958.1542
511903.0589
562906.343
546018.5071
492939.9299
278351.7747
0
0
0
0
0
0
0
0
0
0
0
0
0
0
1810663.755
1809771.166
864722.1298
1777450.813
1185065.636
1567370.098
2066117.87
1859988.84
1637553.84
1148958.513
0
0
0
0
0
0
0
0
0
0
0
0
0
0
2004805.594
2572713.297
1358931.88
2242002.225
1831728.373
2061566.869
1827342.717
2223265.266
1927717.759
1925744.637
0
0
0
0
0
0
0
0
0
0
0
0
0
0
3161001.718
3029726.894
2068657.23
2861926.94
2395385.76
2691298.624
2538972.509
2685051.45
2464957.962
2377993.8
0
0
0
0
0
0
0
0
0
0
0
0
0
0
4207491.568
3340000.681
2666092.568
3131429.243
2691219.212
3305464.591
3469397.595
3395524.377
3210548.018
2916498.173
0
0
0
0
0
0
0
0
0
0
0
0
0
0
4753215.767
4845189.801
5014645.137
5591638.324
5774612.315
5771427.834
6454032.437
6871969.809
6869300.678
5983361.173
0
0
0
0
0
0
0
0
0
0
0
0
0
0
2266111.027
1458195.89
1583925.027
1671164.775
1730696.916
1787020.492
1902281.107
1866655.857
1694572.972
1233917.048
0
0
0
0
0
0
0
0
0
0
0
0
0
0
2594405.889
1715967.809
1710570.411
1857084.307
1838690.647
1983456.77
2189110.776
2255475.405
2161907.798
1549219.433
0
0
0
0
0
0
0
0
0
0
0
0
0
0
5249493.84
6843945.108
6858748.017
6941725.958
7087993.977
6962179.011
7476626.21
7726270.244
7135435.387
6353124.434
0
0
0
0
0
0
0
0
0
0
0
0
0
0
5484313.431
8035172.816
8371693.202
9192476.423
8862302.98
8120462.104
8788265.258
9728650.337
8981122.597
8016370.598
0
0
0
0
0
0
0
0
0
0
0
0
0
0
3749496.713
6491757.528
6302065.079
6635113.632
6440868.672
6545347.807
6817714.758
6772502.897
6722611.816
6685677.489
0
0
0
0
0
0
0
0
0
0
0
0
0
0
4571642.351
7264631.679
7094044.282
7908356.044
8227718.4
8098758.489
8423106.399
8071087.469
7353989.649
6627769.126
0
0
0
0
0
0
0
0
0
0
0
0
0
0
4647888.02
7466244.454
7266111.608
7274496.094
6946217.698
7015806.954
7436273.463
7560896.533
7898409.895
7047481.804
0
0
0
0
0
0
0
0
0
0
0
0
0
0
2364545.16
2686457.203
2272469.438
2281521.572
2223315.994
2348706.336
2444188.928
2357345.647
2164740.963
1686890.75
0
0
0
0
0
0
0
0
0
0
0
0
0
0
2627344.646
2441949.543
2208950.546
2251566.836
2203317.133
2257212.861
2493487.209
2503430.008
2303874.173
1688336.892
0
0
0
0
0
0
0
0
0
0
0
0
0
0
4678137.15
7528255.868
7739135.516
7864562.104
8033782.462
8328345.929
8435453.741
8616933.323
8451971.699
7836581.061
0
0
0
0
0
0
0
0
0
0
0
0
0
0
2777828.029
6256403.1
6489968.569
6775155.833
6670455.134
7403733.435
8100603.417
7744236.111
7631599.479
7367779.753
0
0
0
0
0
0
0
0
0
0
0
0
0
0
3602722.172
6831872.01
6557201.006
6679018.226
6315923.262
6308926.453
7014300.1
7222994.273
6480376.783
5900476.087
0
0
0
0
0
0
0
0
0
0
0
0
0
0
4756037.958
6573018.025
6177038.856
6371265.399
6788208.631
6860774.293
7325572.898
7478555.674
6565244.502
6571114.886
0
0
0
0
0
0
0
0
0
0
0
0
0
0
6531854.724
6648341.844
6132386.81
6264447.562
5657457.772
5684905.645
6545185.427
6820457.195
6493725.329
5981782.048
0
0
0
0
0
0
0
0
0
0
0
0
0
0
2327162.37
1261387.398
1172560.619
1215101.982
1032583.818
974463.9742
994205.5859
996282.2621
914321.5707
664181.7028
0
0
0
0
0
0
0
0
0
0
0
0
0
0
1897757.332
588111.4679
766968.4687
841874.2129
727439.1786
790385.8633
886016.1242
818185.4749
721260.741
452095.5915
0
0
0
0
0
0
0
0
0
0
0
0
0
0
4791948.588
4239544.396
3531189.044
4085548.234
3804904.649
4164635.489
4630396.041
4852902.41
4897532.73
4300917.687
0
0
0
0
0
0
0
0
0
0
0
0
0
0
4787853.729
5225306.782
5851114.797
5764352.366
5541471.295
5686569.379
5963744.146
6713152.425
6581369.147
5646328.721
0
0
0
0
0
0
0
0
0
0
0
0
0
0
8361144.587
10198175.26
10597844.5
10677032.8
10557485.79
10297086.14
10865773.97
11154209.03
10184230.02
8999602.551
0
0
0
0
0
0
0
0
0
0
0
0
0
0
7321186.864
9769028.436
9999613.512
10406207.33
10275392.27
10066277.76
10148233.07
10056995.92
9459960.97
8565790.045
0
0
0
0
0
0
0
0
0
0
0
0
0
0
4952057.688
4852126.531
4176651.663
3607250.397
2326870.053
1848507.455
1678193.989
1018091.626
492887.9877
222743.7571
0
0
0
0
0
0
0
0
0
0
0
0
0
0
271364.5049
228278.542
381256.5722
419517.4703
338821.654
453838.256
543209.8127
463306.4677
306453.3031
98030.03567
0
0
0
0
0
0
0
0
0
0
0
0
0
0
36252.43087
8968.655998
20086.71719
25841.51426
27953.32587
30143.41333
33127.36583
34576.77227
35658.34155
35068.74454
0
0
0
0
0
0
0
0
0
0
0
0
0
0
0
284491.7688
0
86978.2438
0
330954.0054
87315.92786
145870.0918
181770.2453
234323.3467
0
0
0
0
0
0
0
0
0
0
0
0
0
0
1683406.836
1885712.483
984985.3704
1360717.781
316896.0972
1073948.15
755927.1116
312348.3291
404078.6272
268338.8619
0
0
0
0
0
0
0
0
0
0
0
0
0
0
0
0
0
0
0
0
0
0
0
0
0
0
0
0
0
0
0
0
0
0
0
0
0
0
0
0
0
0
0
0
0
0
0
0
0
0
0
0
0
0
0
0
0
0
0
0
0
0
0
62341.37687
0
55889.20422
0
36380.28036
65024.67257
114616.7258
31865.76946
0
0
0
0
0
0
0
0
0
0
0
0
0
0
0
55931.84106
333.0520504
74501.90448
169507.2493
206637.4421
287409.0947
392146.1908
462923.875
421928.0972
72956.74984
0
0
0
0
0
0
0
0
0
0
0
0
0
0
58922.27773
38493.7268
177301.55
273467.6249
320534.2079
417098.3873
515715.414
603724.7569
549583.3511
151511.0586
0
0
0
0
0
0
0
0
0
0
0
0
0
0
0
99239.5329
59563.79532
191702.2944
270380.7874
369842.8634
605250.6462
779082.9285
413668.2108
48034.5452
0
0
0
0
0
0
0
0
0
0
0
0
0
0
0
0
0
0
0
0
0
0
0
0
0
0
0
0
0
0
0
0
0
0
0
0
0
0
0
0
0
0
0
0
0
0
0
0
0
0
0
0
0
0
0
0
0
0
0
0
0
0
0
0
0
0
0
0
0
0
0
0
0
0
0
0
0
0
0
0
0
0
0
0
0
0
0
0
49425.4543
151121.9209
80055.15043
170892.2037
412738.7263
392474.9512
129941.4265
0
0
0
0
0
0
0
0
0
0
0
0
0
0
0
229928.1341
0
0
0
0
0
0
8335.736036
7746.792453
0
0
0
0
0
0
0
0
0
0
0
0
0
0
0
975237.9934
0
0
0
0
0
1875.635661
37228.01158
25561.00539
0
0
0
0
0
0
0
0
0
0
0
0
0
0
0
0
0
0
0
0
0
0
0
0
0
0
0
0
0
0
0
0
0
0
0
0
0
0
0
0
0
0
0
0
0
0
0
0
0
0
0
0
0
0
0
0
0
0
0
0
0
0
0
0
0
0
0
0
0
0
0
0
0
0
0
0
0
0
0
0
0
0
0
0
0
0
0
0
0
0
0
0
0
0
0
0
0
0
0
0
0
0
0
0
0
0
0
0
0
0
0
0
0
0
0
0
6575.9792
35125.95738
91110.3692
10310.98861
0
0
0
0
0
0
0
0
0
0
0
0
0
0
0
20755.8571
47571.20074
128985.0873
170745.4165
216972.8511
314187.6917
351271.4197
344358.8747
294316.2777
49533.13564
0
0
0
0
0
0
0
0
0
0
0
0
0
0
28549.66957
83115.99822
201137.0325
267784.4511
385732.4659
393793.8304
526905.7979
525219.1209
437687.4759
173395.1703
0
0
0
0
0
0
0
0
0
0
0
0
0
0
0
18373.0529
3823.49711
133360.6376
220139.1211
303390.9435
477990.1967
545723.7612
342804.8621
29593.29994
0
0
0
0
0
0
0
0
0
0
0
0
0
0
0
17429.68122
7508.222033
127345.0171
163063.5497
315692.8566
396998.1013
373890.8308
248501.0074
0
0
0
0
0
0
0
0
0
0
0
0
0
0
0
0
52679.70962
36806.19114
68227.64489
69723.82115
258411.6346
338935.105
285722.446
208242.3418
7464.114143
0
0
0
0
0
0
0
0
0
0
0
0
0
0
0
73185.5466
77139.6284
234851.0009
252471.9112
356873.5636
515595.2659
491839.1887
291273.6281
7308.159497
0
0
0
0
0
0
0
0
0
0
0
0
0
0
30341.47385
9606.033738
0
166777.1568
281260.1518
378533.3536
556921.0978
598732.1225
322025.2544
67028.99729
0
0
0
0
0
0
0
0
0
0
0
0
0
0
0
0
48470.74571
131681.3212
267278.0569
339585.1081
441970.0643
502396.3716
387831.0038
105619.1719
0
0
0
0
0
0
0
0
0
0
0
0
0
0
0
0
78072.53173
131917.9926
168049.019
259642.982
260772.3733
266273.5768
182337.4999
319.5019041
0
0
0
0
0
0
0
0
0
0
0
0
0
0
0
0
0
0
0
4611.025967
241.5118786
5863.118176
0
0
0
0
0
0
0
0
