 SUMMARY FOR UNIT  70
 Time                      ÷∆¿‰¡ø/kWh
  0.2400000000000000E+0002  0.0000000000000000E+0000
  0.4800000000000000E+0002  0.0000000000000000E+0000
  0.7200000000000000E+0002  0.0000000000000000E+0000
  0.9600000000000000E+0002  0.0000000000000000E+0000
  0.1200000000000000E+0003  0.2697850613782310E+0004
  0.1440000000000000E+0003  0.0000000000000000E+0000
  0.1680000000000000E+0003  0.0000000000000000E+0000
  0.1920000000000000E+0003  0.0000000000000000E+0000
  0.2160000000000000E+0003  0.0000000000000000E+0000
  0.2400000000000000E+0003  0.0000000000000000E+0000
  0.2640000000000000E+0003  0.0000000000000000E+0000
  0.2880000000000000E+0003  0.0000000000000000E+0000
  0.3120000000000000E+0003  0.0000000000000000E+0000
  0.3360000000000000E+0003  0.0000000000000000E+0000
  0.3600000000000000E+0003  0.0000000000000000E+0000
  0.3840000000000000E+0003  0.0000000000000000E+0000
  0.4080000000000000E+0003  0.0000000000000000E+0000
  0.4320000000000000E+0003  0.0000000000000000E+0000
  0.4560000000000000E+0003  0.0000000000000000E+0000
  0.4800000000000000E+0003  0.0000000000000000E+0000
  0.5040000000000000E+0003  0.0000000000000000E+0000
  0.5280000000000000E+0003  0.0000000000000000E+0000
  0.5520000000000000E+0003  0.6252205278205773E+0003
  0.5760000000000000E+0003  0.6163531722194840E+0004
  0.6000000000000000E+0003  0.0000000000000000E+0000
  0.6240000000000000E+0003  0.0000000000000000E+0000
  0.6480000000000000E+0003  0.0000000000000000E+0000
  0.6720000000000000E+0003  0.0000000000000000E+0000
  0.6960000000000000E+0003  0.0000000000000000E+0000
  0.7200000000000000E+0003  0.0000000000000000E+0000
  0.7440000000000000E+0003  0.0000000000000000E+0000
  0.7680000000000000E+0003  0.1187671676978435E+0003
  0.7920000000000000E+0003  0.3937038428862207E+0003
  0.8160000000000000E+0003  0.0000000000000000E+0000
  0.8400000000000000E+0003  0.0000000000000000E+0000
  0.8640000000000000E+0003  0.0000000000000000E+0000
  0.8880000000000000E+0003  0.3497099581445540E+0003
  0.9120000000000000E+0003  0.4763216039659552E+0004
  0.9360000000000000E+0003  0.2402692442840422E+0003
  0.9600000000000000E+0003  0.2206438107109589E+0003
  0.9840000000000000E+0003  0.6632608015680894E+0002
  0.1008000000000000E+0004  0.1407723428077030E+0003
  0.1032000000000000E+0004  0.5434035289381774E+0004
  0.1056000000000000E+0004  0.2583412914154885E+0004
  0.1080000000000000E+0004  0.1171074627057743E+0002
  0.1104000000000000E+0004  0.5655299445266641E+0003
  0.1128000000000000E+0004  0.3521514691518638E+0003
  0.1152000000000000E+0004  0.7257190110604814E+0002
  0.1176000000000000E+0004  0.7322235722421489E+0002
  0.1200000000000000E+0004  0.4736746373724413E+0002
  0.1224000000000000E+0004  0.0000000000000000E+0000
  0.1248000000000000E+0004  0.0000000000000000E+0000
  0.1272000000000000E+0004  0.0000000000000000E+0000
  0.1296000000000000E+0004  0.0000000000000000E+0000
  0.1320000000000000E+0004  0.0000000000000000E+0000
  0.1344000000000000E+0004  0.0000000000000000E+0000
  0.1368000000000000E+0004  0.1635138370253019E+0004
  0.1392000000000000E+0004  0.2382320635754885E+0004
  0.1416000000000000E+0004  0.2331915989932663E+0004
  0.1440000000000000E+0004  0.8066372356233809E+0004
  0.1464000000000000E+0004  0.9358784989539352E+0004
  0.1488000000000000E+0004  0.0000000000000000E+0000
  0.1512000000000000E+0004  0.0000000000000000E+0000
  0.1536000000000000E+0004  0.9193243736867815E+0004
  0.1560000000000000E+0004  0.3104989835855154E+0004
  0.1584000000000000E+0004  0.5236306112427997E+0004
  0.1608000000000000E+0004  0.2158727032620175E+0004
  0.1632000000000000E+0004  0.3129404327135197E+0004
  0.1656000000000000E+0004  0.2999902188078215E+0003
  0.1680000000000000E+0004  0.0000000000000000E+0000
  0.1704000000000000E+0004  0.1009391417207415E+0005
  0.1728000000000000E+0004  0.1027795429775191E+0005
  0.1752000000000000E+0004  0.1069894569752701E+0005
  0.1776000000000000E+0004  0.1067948671253287E+0005
  0.1800000000000000E+0004  0.1018721331314590E+0005
  0.1824000000000000E+0004  0.1752263620385197E+0004
  0.1848000000000000E+0004  0.1409200535647953E+0004
  0.1872000000000000E+0004  0.1066294359614628E+0005
  0.1896000000000000E+0004  0.1074612514018632E+0005
  0.1920000000000000E+0004  0.1063614361740511E+0005
  0.1944000000000000E+0004  0.1060344003491262E+0005
  0.1968000000000000E+0004  0.4201116445578215E+0003
  0.1992000000000000E+0004  0.0000000000000000E+0000
  0.2016000000000000E+0004  0.0000000000000000E+0000
  0.2040000000000000E+0004  0.1056161715903350E+0005
  0.2064000000000000E+0004  0.6751713384316886E+0004
  0.2088000000000000E+0004  0.1839938039494042E+0004
  0.2112000000000000E+0004  0.2933980318218531E+0004
  0.2136000000000000E+0004  0.1011751381656005E+0005
  0.2160000000000000E+0004  0.9711951534234646E+0003
  0.2184000000000000E+0004  0.0000000000000000E+0000
  0.2208000000000000E+0004  0.0000000000000000E+0000
  0.2232000000000000E+0004  0.9198902907694664E+0003
  0.2256000000000000E+0004  0.2220493066122266E+0004
  0.2280000000000000E+0004  0.5070757277808399E+0004
  0.2304000000000000E+0004  0.1126098331895378E+0005
  0.2328000000000000E+0004  0.1497417369385197E+0004
  0.2352000000000000E+0004  0.1382403726801864E+0004
  0.2376000000000000E+0004  0.1067975186798155E+0005
  0.2400000000000000E+0004  0.1250497431589822E+0005
  0.2424000000000000E+0004  0.2040042746426218E+0005
  0.2448000000000000E+0004  0.2311422090898440E+0005
  0.2472000000000000E+0004  0.2341871938815107E+0005
  0.2496000000000000E+0004  0.2292615055372441E+0004
  0.2520000000000000E+0004  0.2033150094872441E+0004
  0.2544000000000000E+0004  0.8415561707564890E+0004
  0.2568000000000000E+0004  0.6247330458919510E+0004
  0.2592000000000000E+0004  0.4609108121481556E+0004
  0.2616000000000000E+0004  0.3164656871940800E+0004
  0.2640000000000000E+0004  0.7186662354509333E+0004
  0.2664000000000000E+0004  0.1227913059718531E+0004
  0.2688000000000000E+0004  0.1518972078872441E+0004
  0.2712000000000000E+0004  0.2603611949429645E+0005
  0.2736000000000000E+0004  0.2903101565762978E+0005
  0.2760000000000000E+0004  0.3147902174776278E+0005
  0.2784000000000000E+0004  0.3154405720374557E+0005
  0.2808000000000000E+0004  0.3347444628935782E+0005
  0.2832000000000000E+0004  0.3169182338539107E+0004
  0.2856000000000000E+0004  0.3100307006289108E+0004
  0.2880000000000000E+0004  0.2720376808985200E+0005
  0.2904000000000000E+0004  0.4652766479085552E+0004
  0.2928000000000000E+0004  0.1619968992113108E+0004
  0.2952000000000000E+0004  0.6591074028752219E+0004
  0.2976000000000000E+0004  0.1203327443639111E+0005
  0.3000000000000000E+0004  0.2427791116724443E+0004
  0.3024000000000000E+0004  0.2316769570307774E+0004
  0.3048000000000000E+0004  0.2086806059778000E+0005
  0.3072000000000000E+0004  0.1330489533833555E+0005
  0.3096000000000000E+0004  0.2273508391555777E+0005
  0.3120000000000000E+0004  0.2626295582778000E+0005
  0.3144000000000000E+0004  0.2417148968361333E+0005
  0.3168000000000000E+0004  0.1731294435641109E+0004
  0.3192000000000000E+0004  0.1725076837474443E+0004
  0.3216000000000000E+0004  0.2142513446972445E+0005
  0.3240000000000000E+0004  0.1666404070861333E+0005
  0.3264000000000000E+0004  0.5217060486113331E+0004
  0.3288000000000000E+0004  0.9928578829891107E+0004
  0.3312000000000000E+0004  0.1003185217305777E+0005
  0.3336000000000000E+0004  0.2342929381474441E+0004
  0.3360000000000000E+0004  0.2539774430224440E+0004
  0.3384000000000000E+0004  0.2797259785472444E+0005
  0.3408000000000000E+0004  0.2331546903916889E+0005
  0.3432000000000000E+0004  0.2340477475333555E+0005
  0.3456000000000000E+0004  0.2709497544000222E+0005
  0.3480000000000000E+0004  0.3019206270222444E+0005
  0.3504000000000000E+0004  0.2896942589141107E+0004
  0.3528000000000000E+0004  0.2274539896807773E+0004
  0.3552000000000000E+0004  0.3618799871872940E+0005
  0.3576000000000000E+0004  0.3679070437889111E+0005
  0.3600000000000000E+0004  0.3774111322611332E+0005
  0.3624000000000000E+0004  0.3411700953611510E+0005
  0.3648000000000000E+0004  0.3612381452914204E+0005
  0.3672000000000000E+0004  0.2876961383789108E+0004
  0.3696000000000000E+0004  0.2911424625372440E+0004
  0.3720000000000000E+0004  0.3776074822623088E+0005
  0.3744000000000000E+0004  0.4008472760146803E+0005
  0.3768000000000000E+0004  0.3630671554926538E+0005
  0.3792000000000000E+0004  0.3365254930164551E+0005
  0.3816000000000000E+0004  0.2704402089124089E+0005
  0.3840000000000000E+0004  0.2169733490872441E+0004
  0.3864000000000000E+0004  0.2270691345205775E+0004
  0.3888000000000000E+0004  0.2788708478429645E+0005
  0.3912000000000000E+0004  0.3593693939307907E+0005
  0.3936000000000000E+0004  0.3719157778911649E+0005
  0.3960000000000000E+0004  0.3008406671357115E+0005
  0.3984000000000000E+0004  0.3309799574341595E+0005
  0.4008000000000000E+0004  0.2512673896705774E+0004
  0.4032000000000000E+0004  0.2745629512622441E+0004
  0.4056000000000000E+0004  0.3535186292195843E+0005
  0.4080000000000000E+0004  0.3667987777081689E+0005
  0.4104000000000000E+0004  0.3604725282974419E+0005
  0.4128000000000000E+0004  0.3571921469783437E+0005
  0.4152000000000000E+0004  0.3800247944980192E+0005
  0.4176000000000000E+0004  0.3447010236455774E+0004
  0.4200000000000000E+0004  0.3463305200455774E+0004
  0.4224000000000000E+0004  0.3706106615804401E+0005
  0.4248000000000000E+0004  0.3708414686169969E+0005
  0.4272000000000000E+0004  0.3963678533970571E+0005
  0.4296000000000000E+0004  0.3761085521105929E+0005
  0.4320000000000000E+0004  0.3890094981011829E+0005
  0.4344000000000000E+0004  0.3348573812955774E+0004
  0.4368000000000000E+0004  0.2827519914455775E+0004
  0.4392000000000000E+0004  0.2791187651262978E+0005
  0.4416000000000000E+0004  0.3469456729014299E+0005
  0.4440000000000000E+0004  0.3455345642026661E+0005
  0.4464000000000000E+0004  0.3606743442184930E+0005
  0.4488000000000000E+0004  0.3729249608115137E+0005
  0.4512000000000000E+0004  0.2971747223205774E+0004
  0.4536000000000000E+0004  0.3078050202039107E+0004
  0.4560000000000000E+0004  0.3804452529412059E+0005
  0.4584000000000000E+0004  0.4094908791907592E+0005
  0.4608000000000000E+0004  0.3949714192377136E+0005
  0.4632000000000000E+0004  0.4084665085178711E+0005
  0.4656000000000000E+0004  0.3916949572054125E+0005
  0.4680000000000000E+0004  0.4010518848872441E+0004
  0.4704000000000000E+0004  0.3746070979955774E+0004
  0.4728000000000000E+0004  0.4270514809868100E+0005
  0.4752000000000000E+0004  0.4400766024820194E+0005
  0.4776000000000000E+0004  0.4541908286914020E+0005
  0.4800000000000000E+0004  0.4396217427503030E+0005
  0.4824000000000000E+0004  0.4214160656931003E+0005
  0.4848000000000000E+0004  0.4030313348205774E+0004
  0.4872000000000000E+0004  0.3882657827872441E+0004
  0.4896000000000000E+0004  0.4664207949914112E+0005
  0.4920000000000000E+0004  0.4652362014330729E+0005
  0.4944000000000000E+0004  0.4703633281162006E+0005
  0.4968000000000000E+0004  0.4277543950666476E+0005
  0.4992000000000000E+0004  0.4096791887373611E+0005
  0.5016000000000000E+0004  0.4283520460372441E+0004
  0.5040000000000000E+0004  0.4084027221539107E+0004
  0.5064000000000000E+0004  0.3260883613280977E+0005
  0.5088000000000000E+0004  0.4032990140972146E+0005
  0.5112000000000000E+0004  0.3743205492133401E+0005
  0.5136000000000000E+0004  0.4022843100348800E+0005
  0.5160000000000000E+0004  0.3071994239008306E+0005
  0.5184000000000000E+0004  0.0000000000000000E+0000
  0.5208000000000000E+0004  0.0000000000000000E+0000
  0.5232000000000000E+0004  0.2083719981729979E+0005
  0.5256000000000000E+0004  0.3309686036960972E+0005
  0.5280000000000000E+0004  0.3391242729136092E+0005
  0.5304000000000000E+0004  0.3378687420624089E+0004
  0.5328000000000000E+0004  0.2107403068767810E+0005
  0.5352000000000000E+0004  0.0000000000000000E+0000
  0.5376000000000000E+0004  0.0000000000000000E+0000
  0.5400000000000000E+0004  0.3243531928559973E+0005
  0.5424000000000000E+0004  0.3637863095323666E+0005
  0.5448000000000000E+0004  0.3712012646859544E+0005
  0.5472000000000000E+0004  0.3709800347352105E+0005
  0.5496000000000000E+0004  0.2706944054917975E+0005
  0.5520000000000000E+0004  0.0000000000000000E+0000
  0.5544000000000000E+0004  0.0000000000000000E+0000
  0.5568000000000000E+0004  0.2490841688944570E+0005
  0.5592000000000000E+0004  0.3512637245050020E+0005
  0.5616000000000000E+0004  0.3877965502651712E+0005
  0.5640000000000000E+0004  0.4471549949344018E+0005
  0.5664000000000000E+0004  0.4153478948437737E+0005
  0.5688000000000000E+0004  0.0000000000000000E+0000
  0.5712000000000000E+0004  0.0000000000000000E+0000
  0.5736000000000000E+0004  0.3984850663109578E+0005
  0.5760000000000000E+0004  0.4398611987236734E+0005
  0.5784000000000000E+0004  0.3507601313421453E+0005
  0.5808000000000000E+0004  0.3622629887483832E+0005
  0.5832000000000000E+0004  0.3945381435678426E+0005
  0.5856000000000000E+0004  0.3510722253955774E+0004
  0.5880000000000000E+0004  0.3462103827205775E+0004
  0.5904000000000000E+0004  0.2459597129426218E+0005
  0.5928000000000000E+0004  0.2705396251759552E+0005
  0.5952000000000000E+0004  0.2777572181537329E+0005
  0.5976000000000000E+0004  0.2966081099677346E+0005
  0.6000000000000000E+0004  0.3476906031967433E+0005
  0.6024000000000000E+0004  0.3527608424205775E+0004
  0.6048000000000000E+0004  0.3255733817289107E+0004
  0.6072000000000000E+0004  0.3340420758066541E+0005
  0.6096000000000000E+0004  0.3869345614175010E+0005
  0.6120000000000000E+0004  0.3247690046304731E+0005
  0.6144000000000000E+0004  0.3189126424572813E+0005
  0.6168000000000000E+0004  0.2770836321176218E+0005
  0.6192000000000000E+0004  0.3939176385872441E+0004
  0.6216000000000000E+0004  0.3765310968455775E+0004
  0.6240000000000000E+0004  0.3971526723810975E+0005
  0.6264000000000000E+0004  0.4265024790010262E+0005
  0.6288000000000000E+0004  0.3984624975051498E+0005
  0.6312000000000000E+0004  0.3495197331055738E+0005
  0.6336000000000000E+0004  0.2830917985207570E+0005
  0.6360000000000000E+0004  0.3363089175039107E+0004
  0.6384000000000000E+0004  0.3128107084789107E+0004
  0.6408000000000000E+0004  0.2689687116592885E+0005
  0.6432000000000000E+0004  0.3133682469138490E+0005
  0.6456000000000000E+0004  0.3112851433632210E+0005
  0.6480000000000000E+0004  0.3270692547502263E+0005
  0.6504000000000000E+0004  0.3200151343368834E+0005
  0.6528000000000000E+0004  0.3315151493039108E+0004
  0.6552000000000000E+0004  0.2551363621955774E+0004
  0.6576000000000000E+0004  0.3255680671959073E+0005
  0.6600000000000000E+0004  0.3618996553936814E+0005
  0.6624000000000000E+0004  0.3612418458820511E+0005
  0.6648000000000000E+0004  0.3668855799318398E+0005
  0.6672000000000000E+0004  0.3318372145189610E+0005
  0.6696000000000000E+0004  0.0000000000000000E+0000
  0.6720000000000000E+0004  0.0000000000000000E+0000
  0.6744000000000000E+0004  0.2213598458291582E+0005
  0.6768000000000000E+0004  0.2449670581545008E+0005
  0.6792000000000000E+0004  0.8581926887739866E+0004
  0.6816000000000000E+0004  0.6139753404893555E+0004
  0.6840000000000000E+0004  0.9004073849406532E+0004
  0.6864000000000000E+0004  0.0000000000000000E+0000
  0.6888000000000000E+0004  0.0000000000000000E+0000
  0.6912000000000000E+0004  0.1334868671058618E+0005
  0.6936000000000000E+0004  0.1568246400293680E+0005
  0.6960000000000000E+0004  0.1551598986460347E+0005
  0.6984000000000000E+0004  0.0000000000000000E+0000
  0.7008000000000000E+0004  0.0000000000000000E+0000
  0.7032000000000000E+0004  0.0000000000000000E+0000
  0.7056000000000000E+0004  0.0000000000000000E+0000
  0.7080000000000000E+0004  0.1723721118213773E+0005
  0.7104000000000000E+0004  0.1749155108987271E+0005
  0.7128000000000000E+0004  0.2112601673790729E+0005
  0.7152000000000000E+0004  0.1083674648360747E+0005
  0.7176000000000000E+0004  0.1092073757332969E+0005
  0.7200000000000000E+0004  0.0000000000000000E+0000
  0.7224000000000000E+0004  0.0000000000000000E+0000
  0.7248000000000000E+0004  0.1541472228285120E+0005
  0.7272000000000000E+0004  0.1338104256030840E+0005
  0.7296000000000000E+0004  0.1024757599055191E+0005
  0.7320000000000000E+0004  0.8069820596261330E+0004
  0.7344000000000000E+0004  0.5716062835844663E+0004
  0.7368000000000000E+0004  0.7502152453974411E+0003
  0.7392000000000000E+0004  0.5653527829224411E+0003
  0.7416000000000000E+0004  0.4438343119816886E+0004
  0.7440000000000000E+0004  0.5618686589039107E+0004
  0.7464000000000000E+0004  0.7367903574594662E+0004
  0.7488000000000000E+0004  0.8952212905968676E+0004
  0.7512000000000000E+0004  0.1068102793334570E+0005
  0.7536000000000000E+0004  0.1502178420789108E+0004
  0.7560000000000000E+0004  0.1724407215122441E+0004
  0.7584000000000000E+0004  0.1065527974771645E+0005
  0.7608000000000000E+0004  0.1061326929738530E+0005
  0.7632000000000000E+0004  0.1068789060833627E+0005
  0.7656000000000000E+0004  0.1064870975236703E+0005
  0.7680000000000000E+0004  0.1066471265796805E+0005
  0.7704000000000000E+0004  0.1971060816289108E+0004
  0.7728000000000000E+0004  0.1984255815455774E+0004
  0.7752000000000000E+0004  0.1063601501770006E+0005
  0.7776000000000000E+0004  0.1038992068926316E+0005
  0.7800000000000000E+0004  0.1062582290755527E+0005
  0.7824000000000000E+0004  0.1066455461167413E+0005
  0.7848000000000000E+0004  0.1066837348945244E+0005
  0.7872000000000000E+0004  0.1031814545414108E+0004
  0.7896000000000000E+0004  0.7768078661224413E+0003
  0.7920000000000000E+0004  0.1072342621298860E+0005
  0.7944000000000000E+0004  0.1066966962043492E+0005
  0.7968000000000000E+0004  0.1053113688607824E+0005
  0.7992000000000000E+0004  0.1057107919481863E+0005
  0.8016000000000000E+0004  0.6456706136864947E+0004
  0.8040000000000000E+0004  0.3721063789542082E+0003
  0.8064000000000000E+0004  0.9072696403894129E+0002
  0.8088000000000000E+0004  0.4779832228764867E+0003
  0.8112000000000000E+0004  0.2690177666715107E+0004
  0.8136000000000000E+0004  0.0000000000000000E+0000
  0.8160000000000000E+0004  0.0000000000000000E+0000
  0.8184000000000000E+0004  0.1432794495012425E+0003
  0.8208000000000000E+0004  0.2479896195833080E+0003
  0.8232000000000000E+0004  0.3605626887444080E+0003
  0.8256000000000000E+0004  0.9151604361796860E+0003
  0.8280000000000000E+0004  0.0000000000000000E+0000
  0.8304000000000000E+0004  0.0000000000000000E+0000
  0.8328000000000000E+0004  0.0000000000000000E+0000
  0.8352000000000000E+0004  0.4768905024727757E+0003
  0.8376000000000000E+0004  0.4133996564273242E+0002
  0.8400000000000000E+0004  0.1251785509858263E+0003
  0.8424000000000000E+0004  0.0000000000000000E+0000
  0.8448000000000000E+0004  0.0000000000000000E+0000
  0.8472000000000000E+0004  0.0000000000000000E+0000
  0.8496000000000000E+0004  0.0000000000000000E+0000
  0.8520000000000000E+0004  0.6747646861286538E+0002
  0.8544000000000000E+0004  0.2314341913041081E+0003
  0.8568000000000000E+0004  0.3429839674151416E+0003
  0.8592000000000000E+0004  0.6928142614315300E+0003
  0.8616000000000000E+0004  0.5678925658340079E+0003
  0.8640000000000000E+0004  0.4735468899897637E+0003
  0.8664000000000000E+0004  0.7662082941732970E+0003
  0.8688000000000000E+0004  0.7969548910846858E+0003
  0.8712000000000000E+0004  0.2516426487247196E+0003
  0.8736000000000000E+0004  0.1670754534924615E+0003
  0.8760000000000000E+0004  0.2376656957884352E+0002
  0.8760000000000000E+0004  0.4802827215460110E+0007

