 SUMMARY FOR UNIT  62
 Time                      新风机能耗/kWh            送风机能耗/kWh            冷冻水泵能耗/kWh          冷却水泵能耗/kWh          冷水机组能耗/kWh          冷却塔能耗/kWh            系统总能耗/kWh
  0.2400000000000000E+0002  0.0000000000000000E+0000  0.0000000000000000E+0000  0.0000000000000000E+0000  0.0000000000000000E+0000  0.0000000000000000E+0000  0.0000000000000000E+0000  0.0000000000000000E+0000
  0.4800000000000000E+0002  0.0000000000000000E+0000  0.0000000000000000E+0000  0.0000000000000000E+0000  0.0000000000000000E+0000  0.0000000000000000E+0000  0.0000000000000000E+0000  0.0000000000000000E+0000
  0.7200000000000000E+0002  0.0000000000000000E+0000  0.0000000000000000E+0000  0.0000000000000000E+0000  0.0000000000000000E+0000  0.0000000000000000E+0000  0.0000000000000000E+0000  0.0000000000000000E+0000
  0.9600000000000000E+0002  0.0000000000000000E+0000  0.0000000000000000E+0000  0.0000000000000000E+0000  0.0000000000000000E+0000  0.0000000000000000E+0000  0.0000000000000000E+0000  0.0000000000000000E+0000
  0.1200000000000000E+0003  0.0000000000000000E+0000  0.0000000000000000E+0000  0.9239999316325553E+0002  0.9479999298567778E+0002  0.4603820128141753E+0003  0.4400000000000000E+0002  0.6915819989631086E+0003
  0.1440000000000000E+0003  0.0000000000000000E+0000  0.0000000000000000E+0000  0.0000000000000000E+0000  0.0000000000000000E+0000  0.0000000000000000E+0000  0.0000000000000000E+0000  0.0000000000000000E+0000
  0.1680000000000000E+0003  0.0000000000000000E+0000  0.0000000000000000E+0000  0.0000000000000000E+0000  0.0000000000000000E+0000  0.0000000000000000E+0000  0.0000000000000000E+0000  0.0000000000000000E+0000
  0.1920000000000000E+0003  0.0000000000000000E+0000  0.0000000000000000E+0000  0.0000000000000000E+0000  0.0000000000000000E+0000  0.0000000000000000E+0000  0.0000000000000000E+0000  0.0000000000000000E+0000
  0.2160000000000000E+0003  0.0000000000000000E+0000  0.0000000000000000E+0000  0.0000000000000000E+0000  0.0000000000000000E+0000  0.0000000000000000E+0000  0.0000000000000000E+0000  0.0000000000000000E+0000
  0.2400000000000000E+0003  0.0000000000000000E+0000  0.0000000000000000E+0000  0.0000000000000000E+0000  0.0000000000000000E+0000  0.0000000000000000E+0000  0.0000000000000000E+0000  0.0000000000000000E+0000
  0.2640000000000000E+0003  0.0000000000000000E+0000  0.0000000000000000E+0000  0.0000000000000000E+0000  0.0000000000000000E+0000  0.0000000000000000E+0000  0.0000000000000000E+0000  0.0000000000000000E+0000
  0.2880000000000000E+0003  0.0000000000000000E+0000  0.0000000000000000E+0000  0.0000000000000000E+0000  0.0000000000000000E+0000  0.0000000000000000E+0000  0.0000000000000000E+0000  0.0000000000000000E+0000
  0.3120000000000000E+0003  0.0000000000000000E+0000  0.0000000000000000E+0000  0.0000000000000000E+0000  0.0000000000000000E+0000  0.0000000000000000E+0000  0.0000000000000000E+0000  0.0000000000000000E+0000
  0.3360000000000000E+0003  0.0000000000000000E+0000  0.0000000000000000E+0000  0.0000000000000000E+0000  0.0000000000000000E+0000  0.0000000000000000E+0000  0.0000000000000000E+0000  0.0000000000000000E+0000
  0.3600000000000000E+0003  0.0000000000000000E+0000  0.0000000000000000E+0000  0.0000000000000000E+0000  0.0000000000000000E+0000  0.0000000000000000E+0000  0.0000000000000000E+0000  0.0000000000000000E+0000
  0.3840000000000000E+0003  0.0000000000000000E+0000  0.0000000000000000E+0000  0.0000000000000000E+0000  0.0000000000000000E+0000  0.0000000000000000E+0000  0.0000000000000000E+0000  0.0000000000000000E+0000
  0.4080000000000000E+0003  0.0000000000000000E+0000  0.0000000000000000E+0000  0.0000000000000000E+0000  0.0000000000000000E+0000  0.0000000000000000E+0000  0.0000000000000000E+0000  0.0000000000000000E+0000
  0.4320000000000000E+0003  0.0000000000000000E+0000  0.0000000000000000E+0000  0.0000000000000000E+0000  0.0000000000000000E+0000  0.0000000000000000E+0000  0.0000000000000000E+0000  0.0000000000000000E+0000
  0.4560000000000000E+0003  0.0000000000000000E+0000  0.0000000000000000E+0000  0.0000000000000000E+0000  0.0000000000000000E+0000  0.0000000000000000E+0000  0.0000000000000000E+0000  0.0000000000000000E+0000
  0.4800000000000000E+0003  0.0000000000000000E+0000  0.0000000000000000E+0000  0.0000000000000000E+0000  0.0000000000000000E+0000  0.0000000000000000E+0000  0.0000000000000000E+0000  0.0000000000000000E+0000
  0.5040000000000000E+0003  0.0000000000000000E+0000  0.0000000000000000E+0000  0.0000000000000000E+0000  0.0000000000000000E+0000  0.0000000000000000E+0000  0.0000000000000000E+0000  0.0000000000000000E+0000
  0.5280000000000000E+0003  0.0000000000000000E+0000  0.0000000000000000E+0000  0.0000000000000000E+0000  0.0000000000000000E+0000  0.0000000000000000E+0000  0.0000000000000000E+0000  0.0000000000000000E+0000
  0.5520000000000000E+0003  0.0000000000000000E+0000  0.0000000000000000E+0000  0.2309999829081388E+0002  0.2369999824641944E+0002  0.1066860457296421E+0003  0.1100000000000000E+0002  0.1644860422668754E+0003
  0.5760000000000000E+0003  0.0000000000000000E+0000  0.0000000000000000E+0000  0.1847999863265111E+0003  0.1895999859713556E+0003  0.1091355791672360E+0004  0.8800000000000000E+0002  0.1553755763970227E+0004
  0.6000000000000000E+0003  0.0000000000000000E+0000  0.0000000000000000E+0000  0.0000000000000000E+0000  0.0000000000000000E+0000  0.0000000000000000E+0000  0.0000000000000000E+0000  0.0000000000000000E+0000
  0.6240000000000000E+0003  0.0000000000000000E+0000  0.0000000000000000E+0000  0.0000000000000000E+0000  0.0000000000000000E+0000  0.0000000000000000E+0000  0.0000000000000000E+0000  0.0000000000000000E+0000
  0.6480000000000000E+0003  0.0000000000000000E+0000  0.0000000000000000E+0000  0.0000000000000000E+0000  0.0000000000000000E+0000  0.0000000000000000E+0000  0.0000000000000000E+0000  0.0000000000000000E+0000
  0.6720000000000000E+0003  0.0000000000000000E+0000  0.0000000000000000E+0000  0.0000000000000000E+0000  0.0000000000000000E+0000  0.0000000000000000E+0000  0.0000000000000000E+0000  0.0000000000000000E+0000
  0.6960000000000000E+0003  0.0000000000000000E+0000  0.0000000000000000E+0000  0.0000000000000000E+0000  0.0000000000000000E+0000  0.0000000000000000E+0000  0.0000000000000000E+0000  0.0000000000000000E+0000
  0.7200000000000000E+0003  0.0000000000000000E+0000  0.0000000000000000E+0000  0.0000000000000000E+0000  0.0000000000000000E+0000  0.0000000000000000E+0000  0.0000000000000000E+0000  0.0000000000000000E+0000
  0.7440000000000000E+0003  0.0000000000000000E+0000  0.0000000000000000E+0000  0.0000000000000000E+0000  0.0000000000000000E+0000  0.0000000000000000E+0000  0.0000000000000000E+0000  0.0000000000000000E+0000
  0.7680000000000000E+0003  0.0000000000000000E+0000  0.0000000000000000E+0000  0.6929999487244164E+0002  0.7109999473925834E+0002  0.1747950299810007E+0002  0.3300000000000000E+0002  0.1908794926098001E+0003
  0.7920000000000000E+0003  0.0000000000000000E+0000  0.0000000000000000E+0000  0.1154999914540694E+0003  0.1184999912320972E+0003  0.5794318106163077E+0002  0.5500000000000000E+0002  0.3469431637477974E+0003
  0.8160000000000000E+0003  0.0000000000000000E+0000  0.0000000000000000E+0000  0.0000000000000000E+0000  0.0000000000000000E+0000  0.0000000000000000E+0000  0.0000000000000000E+0000  0.0000000000000000E+0000
  0.8400000000000000E+0003  0.0000000000000000E+0000  0.0000000000000000E+0000  0.0000000000000000E+0000  0.0000000000000000E+0000  0.0000000000000000E+0000  0.0000000000000000E+0000  0.0000000000000000E+0000
  0.8640000000000000E+0003  0.0000000000000000E+0000  0.0000000000000000E+0000  0.0000000000000000E+0000  0.0000000000000000E+0000  0.0000000000000000E+0000  0.0000000000000000E+0000  0.0000000000000000E+0000
  0.8880000000000000E+0003  0.0000000000000000E+0000  0.0000000000000000E+0000  0.1154999914540694E+0003  0.1184999912320972E+0003  0.5146840141380395E+0002  0.5500000000000000E+0002  0.3404683840999706E+0003
  0.9120000000000000E+0003  0.0000000000000000E+0000  0.0000000000000000E+0000  0.5909999562725831E+0003  0.6879999490947500E+0003  0.6853067609189651E+0003  0.2950000000000000E+0003  0.2259306666286298E+0004
  0.9360000000000000E+0003  0.0000000000000000E+0000  0.0000000000000000E+0000  0.1616999880356972E+0003  0.1658999877249361E+0003  0.3536151494745472E+0002  0.7700000000000000E+0002  0.4399614907080880E+0003
  0.9600000000000000E+0003  0.0000000000000000E+0000  0.0000000000000000E+0000  0.1616999880356972E+0003  0.1658999877249361E+0003  0.3247315083446633E+0002  0.7700000000000000E+0002  0.4370731265950997E+0003
  0.9840000000000000E+0003  0.0000000000000000E+0000  0.0000000000000000E+0000  0.1616999880356972E+0003  0.1658999877249361E+0003  0.9761510183543914E+0001  0.7700000000000000E+0002  0.4143614859441772E+0003
  0.1008000000000000E+0004  0.0000000000000000E+0000  0.0000000000000000E+0000  0.1847999863265111E+0003  0.1895999859713556E+0003  0.2094751625724277E+0002  0.8800000000000000E+0002  0.4833474885551093E+0003
  0.1032000000000000E+0004  0.0000000000000000E+0000  0.0000000000000000E+0000  0.5909999562725831E+0003  0.6879999490947500E+0003  0.8304281414916111E+0003  0.2950000000000000E+0003  0.2404428046858945E+0004
  0.1056000000000000E+0004  0.0000000000000000E+0000  0.0000000000000000E+0000  0.4109999695903609E+0003  0.4624999657794723E+0003  0.3728183071612060E+0003  0.2025000000000000E+0003  0.1448818242531039E+0004
  0.1080000000000000E+0004  0.0000000000000000E+0000  0.0000000000000000E+0000  0.2309999829081388E+0002  0.2369999824641944E+0002  0.1723523668319861E+0001  0.1100000000000000E+0002  0.5952352020555319E+0002
  0.1104000000000000E+0004  0.0000000000000000E+0000  0.0000000000000000E+0000  0.2207999836629555E+0003  0.2346999826344112E+0003  0.8241338013904793E+0002  0.1065000000000000E+0003  0.6444133464364145E+0003
  0.1128000000000000E+0004  0.0000000000000000E+0000  0.0000000000000000E+0000  0.2078999846173249E+0003  0.2132999842177750E+0003  0.5223681744049944E+0002  0.9900000000000000E+0002  0.5724367862755993E+0003
  0.1152000000000000E+0004  0.0000000000000000E+0000  0.0000000000000000E+0000  0.1385999897448833E+0003  0.1421999894785167E+0003  0.1068073599421217E+0002  0.6600000000000000E+0002  0.3574807152176121E+0003
  0.1176000000000000E+0004  0.0000000000000000E+0000  0.0000000000000000E+0000  0.1385999897448833E+0003  0.1421999894785167E+0003  0.1079708912629202E+0002  0.6600000000000000E+0002  0.3575970683496920E+0003
  0.1200000000000000E+0004  0.0000000000000000E+0000  0.0000000000000000E+0000  0.2309999829081388E+0002  0.2369999824641944E+0002  0.6971284576845126E+0001  0.1100000000000000E+0002  0.6477128111407845E+0002
  0.1224000000000000E+0004  0.0000000000000000E+0000  0.0000000000000000E+0000  0.0000000000000000E+0000  0.0000000000000000E+0000  0.0000000000000000E+0000  0.0000000000000000E+0000  0.0000000000000000E+0000
  0.1248000000000000E+0004  0.0000000000000000E+0000  0.0000000000000000E+0000  0.0000000000000000E+0000  0.0000000000000000E+0000  0.0000000000000000E+0000  0.0000000000000000E+0000  0.0000000000000000E+0000
  0.1272000000000000E+0004  0.0000000000000000E+0000  0.0000000000000000E+0000  0.0000000000000000E+0000  0.0000000000000000E+0000  0.0000000000000000E+0000  0.0000000000000000E+0000  0.0000000000000000E+0000
  0.1296000000000000E+0004  0.0000000000000000E+0000  0.0000000000000000E+0000  0.0000000000000000E+0000  0.0000000000000000E+0000  0.0000000000000000E+0000  0.0000000000000000E+0000  0.0000000000000000E+0000
  0.1320000000000000E+0004  0.0000000000000000E+0000  0.0000000000000000E+0000  0.0000000000000000E+0000  0.0000000000000000E+0000  0.0000000000000000E+0000  0.0000000000000000E+0000  0.0000000000000000E+0000
  0.1344000000000000E+0004  0.0000000000000000E+0000  0.0000000000000000E+0000  0.0000000000000000E+0000  0.0000000000000000E+0000  0.0000000000000000E+0000  0.0000000000000000E+0000  0.0000000000000000E+0000
  0.1368000000000000E+0004  0.0000000000000000E+0000  0.0000000000000000E+0000  0.3389999749174721E+0003  0.3722999724533612E+0003  0.2384078890839661E+0003  0.1655000000000000E+0003  0.1115207836454799E+0004
  0.1392000000000000E+0004  0.0000000000000000E+0000  0.0000000000000000E+0000  0.4109999695903609E+0003  0.4624999657794723E+0003  0.3493376612061821E+0003  0.2025000000000000E+0003  0.1425337596576015E+0004
  0.1416000000000000E+0004  0.0000000000000000E+0000  0.0000000000000000E+0000  0.4109999695903610E+0003  0.4624999657794723E+0003  0.3539917515176232E+0003  0.2025000000000000E+0003  0.1429991686887457E+0004
  0.1440000000000000E+0004  0.0000000000000000E+0000  0.0000000000000000E+0000  0.2309999829081388E+0003  0.2369999824641945E+0003  0.1477144829210323E+0004  0.1100000000000000E+0003  0.2055144794582656E+0004
  0.1464000000000000E+0004  0.0000000000000000E+0000  0.0000000000000000E+0000  0.2309999829081388E+0003  0.2369999824641945E+0003  0.1720246239260671E+0004  0.1100000000000000E+0003  0.2298246204633005E+0004
  0.1488000000000000E+0004  0.0000000000000000E+0000  0.0000000000000000E+0000  0.0000000000000000E+0000  0.0000000000000000E+0000  0.0000000000000000E+0000  0.0000000000000000E+0000  0.0000000000000000E+0000
  0.1512000000000000E+0004  0.0000000000000000E+0000  0.0000000000000000E+0000  0.0000000000000000E+0000  0.0000000000000000E+0000  0.0000000000000000E+0000  0.0000000000000000E+0000  0.0000000000000000E+0000
  0.1536000000000000E+0004  0.0000000000000000E+0000  0.0000000000000000E+0000  0.2309999829081388E+0003  0.2369999824641945E+0003  0.1675109778522199E+0004  0.1100000000000000E+0003  0.2253109743894532E+0004
  0.1560000000000000E+0004  0.0000000000000000E+0000  0.0000000000000000E+0000  0.1616999880356972E+0003  0.1658999877249361E+0003  0.5191076338335394E+0003  0.7700000000000000E+0002  0.9237076095941727E+0003
  0.1584000000000000E+0004  0.0000000000000000E+0000  0.0000000000000000E+0000  0.2309999829081388E+0003  0.2369999824641945E+0003  0.8590388299936128E+0003  0.1100000000000000E+0003  0.1437038795365946E+0004
  0.1608000000000000E+0004  0.0000000000000000E+0000  0.0000000000000000E+0000  0.1847999863265111E+0003  0.1895999859713556E+0003  0.3218454272449648E+0003  0.8800000000000000E+0002  0.7842453995428314E+0003
  0.1632000000000000E+0004  0.0000000000000000E+0000  0.0000000000000000E+0000  0.2078999846173249E+0003  0.2132999842177750E+0003  0.4915730044221575E+0003  0.9900000000000000E+0002  0.1011772973257257E+0004
  0.1656000000000000E+0004  0.0000000000000000E+0000  0.0000000000000000E+0000  0.4619999658162777E+0002  0.4739999649283889E+0002  0.4851516952359721E+0002  0.2200000000000000E+0002  0.1641151625980639E+0003
  0.1680000000000000E+0004  0.0000000000000000E+0000  0.0000000000000000E+0000  0.0000000000000000E+0000  0.0000000000000000E+0000  0.0000000000000000E+0000  0.0000000000000000E+0000  0.0000000000000000E+0000
  0.1704000000000000E+0004  0.0000000000000000E+0000  0.0000000000000000E+0000  0.2309999829081388E+0003  0.2369999824641945E+0003  0.1902210374213495E+0004  0.1100000000000000E+0003  0.2480210339585828E+0004
  0.1728000000000000E+0004  0.0000000000000000E+0000  0.0000000000000000E+0000  0.2309999829081388E+0003  0.2369999824641945E+0003  0.1996138335076686E+0004  0.1100000000000000E+0003  0.2574138300449019E+0004
  0.1752000000000000E+0004  0.0000000000000000E+0000  0.0000000000000000E+0000  0.2309999829081388E+0003  0.2369999824641945E+0003  0.2102061131070810E+0004  0.1100000000000000E+0003  0.2680061096443143E+0004
  0.1776000000000000E+0004  0.0000000000000000E+0000  0.0000000000000000E+0000  0.2309999829081388E+0003  0.2369999824641945E+0003  0.2112365965754526E+0004  0.1100000000000000E+0003  0.2690365931126859E+0004
  0.1800000000000000E+0004  0.0000000000000000E+0000  0.0000000000000000E+0000  0.2309999829081388E+0003  0.2369999824641945E+0003  0.1951238265073800E+0004  0.1100000000000000E+0003  0.2529238230446133E+0004
  0.1824000000000000E+0004  0.0000000000000000E+0000  0.0000000000000000E+0000  0.2078999846173249E+0003  0.2132999842177750E+0003  0.3146735522329878E+0003  0.9900000000000000E+0002  0.8348735210680878E+0003
  0.1848000000000000E+0004  0.0000000000000000E+0000  0.0000000000000000E+0000  0.1847999863265111E+0003  0.1895999859713556E+0003  0.2526822810998538E+0003  0.8800000000000000E+0002  0.7150822533977204E+0003
  0.1872000000000000E+0004  0.0000000000000000E+0000  0.0000000000000000E+0000  0.2309999829081388E+0003  0.2369999824641945E+0003  0.2121152106756128E+0004  0.1100000000000000E+0003  0.2699152072128462E+0004
  0.1896000000000000E+0004  0.0000000000000000E+0000  0.0000000000000000E+0000  0.2309999829081388E+0003  0.2369999824641945E+0003  0.2077630602861668E+0004  0.1100000000000000E+0003  0.2655630568234001E+0004
  0.1920000000000000E+0004  0.0000000000000000E+0000  0.0000000000000000E+0000  0.2309999829081388E+0003  0.2369999824641945E+0003  0.2135755171569111E+0004  0.1100000000000000E+0003  0.2713755136941444E+0004
  0.1944000000000000E+0004  0.0000000000000000E+0000  0.0000000000000000E+0000  0.2309999829081388E+0003  0.2369999824641945E+0003  0.2153605502665516E+0004  0.1100000000000000E+0003  0.2731605468037849E+0004
  0.1968000000000000E+0004  0.0000000000000000E+0000  0.0000000000000000E+0000  0.4619999658162777E+0002  0.4739999649283889E+0002  0.6332369538337458E+0002  0.2200000000000000E+0002  0.1789236884578412E+0003
  0.1992000000000000E+0004  0.0000000000000000E+0000  0.0000000000000000E+0000  0.0000000000000000E+0000  0.0000000000000000E+0000  0.0000000000000000E+0000  0.0000000000000000E+0000  0.0000000000000000E+0000
  0.2016000000000000E+0004  0.0000000000000000E+0000  0.0000000000000000E+0000  0.0000000000000000E+0000  0.0000000000000000E+0000  0.0000000000000000E+0000  0.0000000000000000E+0000  0.0000000000000000E+0000
  0.2040000000000000E+0004  0.0000000000000000E+0000  0.0000000000000000E+0000  0.2309999829081388E+0003  0.2369999824641945E+0003  0.2174438352771229E+0004  0.1100000000000000E+0003  0.2752438318143562E+0004
  0.2064000000000000E+0004  0.0000000000000000E+0000  0.0000000000000000E+0000  0.2309999829081388E+0003  0.2369999824641945E+0003  0.1151570163511388E+0004  0.1100000000000000E+0003  0.1729570128883722E+0004
  0.2088000000000000E+0004  0.0000000000000000E+0000  0.0000000000000000E+0000  0.1616999880356972E+0003  0.1658999877249361E+0003  0.2850147408454805E+0003  0.7700000000000000E+0002  0.6896147166061138E+0003
  0.2112000000000000E+0004  0.0000000000000000E+0000  0.0000000000000000E+0000  0.2078999846173249E+0003  0.2132999842177750E+0003  0.4786871615608875E+0003  0.9900000000000000E+0002  0.9988871303959875E+0003
  0.2136000000000000E+0004  0.0000000000000000E+0000  0.0000000000000000E+0000  0.2309999829081388E+0003  0.2369999824641945E+0003  0.1919477534941572E+0004  0.1100000000000000E+0003  0.2497477500313905E+0004
  0.2160000000000000E+0004  0.0000000000000000E+0000  0.0000000000000000E+0000  0.1385999897448833E+0003  0.1421999894785167E+0003  0.1711101972736743E+0003  0.6600000000000000E+0002  0.5179101764970743E+0003
  0.2184000000000000E+0004  0.0000000000000000E+0000  0.0000000000000000E+0000  0.0000000000000000E+0000  0.0000000000000000E+0000  0.0000000000000000E+0000  0.0000000000000000E+0000  0.0000000000000000E+0000
  0.2208000000000000E+0004  0.0000000000000000E+0000  0.0000000000000000E+0000  0.0000000000000000E+0000  0.0000000000000000E+0000  0.0000000000000000E+0000  0.0000000000000000E+0000  0.0000000000000000E+0000
  0.2232000000000000E+0004  0.0000000000000000E+0000  0.0000000000000000E+0000  0.1079999920093333E+0003  0.1352999899891667E+0003  0.1294306197562312E+0003  0.5550000000000000E+0002  0.4282306017547311E+0003
  0.2256000000000000E+0004  0.0000000000000000E+0000  0.0000000000000000E+0000  0.2159999840186666E+0003  0.2705999799783334E+0003  0.3216744140599673E+0003  0.1110000000000000E+0003  0.9192743780569672E+0003
  0.2280000000000000E+0004  0.0000000000000000E+0000  0.0000000000000000E+0000  0.3239999760279999E+0003  0.4058999699675000E+0003  0.7783512084726057E+0003  0.1665000000000000E+0003  0.1674751154468106E+0004
  0.2304000000000000E+0004  0.0000000000000000E+0000  0.0000000000000000E+0000  0.3599999733644444E+0003  0.4509999666305555E+0003  0.1770107735775481E+0004  0.1850000000000000E+0003  0.2766107675770480E+0004
  0.2328000000000000E+0004  0.0000000000000000E+0000  0.0000000000000000E+0000  0.2078999846173249E+0003  0.2132999842177750E+0003  0.2513794129163940E+0003  0.9900000000000000E+0002  0.7715793817514940E+0003
  0.2352000000000000E+0004  0.0000000000000000E+0000  0.0000000000000000E+0000  0.2078999846173249E+0003  0.2132999842177750E+0003  0.2277964059685493E+0003  0.9900000000000000E+0002  0.7479963748036492E+0003
  0.2376000000000000E+0004  0.0000000000000000E+0000  0.0000000000000000E+0000  0.3599999733644444E+0003  0.4509999666305555E+0003  0.1669054651012372E+0004  0.1850000000000000E+0003  0.2665054591007372E+0004
  0.2400000000000000E+0004  0.0000000000000000E+0000  0.0000000000000000E+0000  0.3599999733644444E+0003  0.4509999666305555E+0003  0.1986797030524026E+0004  0.1850000000000000E+0003  0.2982796970519026E+0004
  0.2424000000000000E+0004  0.0000000000000000E+0000  0.0000000000000000E+0000  0.6839999493924443E+0003  0.8568999365980555E+0003  0.3398440188648425E+0004  0.3515000000000000E+0003  0.5290840074638924E+0004
  0.2448000000000000E+0004  0.0000000000000000E+0000  0.0000000000000000E+0000  0.6839999493924443E+0003  0.8568999365980555E+0003  0.3858611043522920E+0004  0.3515000000000000E+0003  0.5751010929513420E+0004
  0.2472000000000000E+0004  0.0000000000000000E+0000  0.0000000000000000E+0000  0.6839999493924443E+0003  0.8568999365980555E+0003  0.3946919357830951E+0004  0.3515000000000000E+0003  0.5839319243821451E+0004
  0.2496000000000000E+0004  0.0000000000000000E+0000  0.0000000000000000E+0000  0.2309999829081388E+0003  0.2369999824641945E+0003  0.3985980613767730E+0003  0.1100000000000000E+0003  0.9765980267491062E+0003
  0.2520000000000000E+0004  0.0000000000000000E+0000  0.0000000000000000E+0000  0.2309999829081388E+0003  0.2369999824641945E+0003  0.3469180331167445E+0003  0.1100000000000000E+0003  0.9249179984890778E+0003
  0.2544000000000000E+0004  0.0000000000000000E+0000  0.0000000000000000E+0000  0.3599999733644444E+0003  0.4509999666305555E+0003  0.1321419827971670E+0004  0.1850000000000000E+0003  0.2317419767966669E+0004
  0.2568000000000000E+0004  0.0000000000000000E+0000  0.0000000000000000E+0000  0.3239999760279999E+0003  0.4058999699675000E+0003  0.9678037891508138E+0003  0.1665000000000000E+0003  0.1864203735146314E+0004
  0.2592000000000000E+0004  0.0000000000000000E+0000  0.0000000000000000E+0000  0.3599999733644444E+0003  0.4509999666305555E+0003  0.7033878774379102E+0003  0.1850000000000000E+0003  0.1699387817432910E+0004
  0.2616000000000000E+0004  0.0000000000000000E+0000  0.0000000000000000E+0000  0.2879999786915555E+0003  0.3607999733044444E+0003  0.4646385469992962E+0003  0.1480000000000000E+0003  0.1261438498995296E+0004
  0.2640000000000000E+0004  0.0000000000000000E+0000  0.0000000000000000E+0000  0.3599999733644444E+0003  0.4509999666305555E+0003  0.1134859590444256E+0004  0.1850000000000000E+0003  0.2130859530439256E+0004
  0.2664000000000000E+0004  0.0000000000000000E+0000  0.0000000000000000E+0000  0.2078999846173249E+0003  0.2132999842177750E+0003  0.2121091338613841E+0003  0.9900000000000000E+0002  0.7323091026964842E+0003
  0.2688000000000000E+0004  0.0000000000000000E+0000  0.0000000000000000E+0000  0.2309999829081388E+0003  0.2369999824641945E+0003  0.2738456951590892E+0003  0.1100000000000000E+0003  0.8518456605314225E+0003
  0.2712000000000000E+0004  0.0000000000000000E+0000  0.0000000000000000E+0000  0.7199999467288887E+0003  0.9019999332611111E+0003  0.4431915230340774E+0004  0.3700000000000000E+0003  0.6423915110330774E+0004
  0.2736000000000000E+0004  0.0000000000000000E+0000  0.0000000000000000E+0000  0.7199999467288887E+0003  0.9019999332611111E+0003  0.5063627554104961E+0004  0.3700000000000000E+0003  0.7055627434094962E+0004
  0.2760000000000000E+0004  0.0000000000000000E+0000  0.0000000000000000E+0000  0.7199999467288887E+0003  0.9019999332611111E+0003  0.5591167421984525E+0004  0.3700000000000000E+0003  0.7583167301974527E+0004
  0.2784000000000000E+0004  0.0000000000000000E+0000  0.0000000000000000E+0000  0.7199999467288887E+0003  0.9019999332611111E+0003  0.5611178030001679E+0004  0.3700000000000000E+0003  0.7603177909991679E+0004
  0.2808000000000000E+0004  0.0000000000000000E+0000  0.0000000000000000E+0000  0.7199999467288887E+0003  0.9019999332611111E+0003  0.6070781287192134E+0004  0.3700000000000000E+0003  0.8062781167182135E+0004
  0.2832000000000000E+0004  0.0000000000000000E+0000  0.0000000000000000E+0000  0.2309999829081388E+0003  0.2369999824641945E+0003  0.6124412312144251E+0003  0.1100000000000000E+0003  0.1190441196586758E+0004
  0.2856000000000000E+0004  0.0000000000000000E+0000  0.0000000000000000E+0000  0.2309999829081388E+0003  0.2369999824641945E+0003  0.5950561743435114E+0003  0.1100000000000000E+0003  0.1173056139715845E+0004
  0.2880000000000000E+0004  0.0000000000000000E+0000  0.0000000000000000E+0000  0.7199999467288887E+0003  0.9019999332611111E+0003  0.4644817510870689E+0004  0.3700000000000000E+0003  0.6636817390860689E+0004
  0.2904000000000000E+0004  0.0000000000000000E+0000  0.0000000000000000E+0000  0.9509999296370278E+0003  0.1138999915725306E+0004  0.6930252669106812E+0003  0.4800000000000000E+0003  0.3263025112273015E+0004
  0.2928000000000000E+0004  0.0000000000000000E+0000  0.0000000000000000E+0000  0.8558999366733250E+0003  0.1025099924152775E+0004  0.2330610805313559E+0003  0.4320000000000000E+0003  0.2546060941357456E+0004
  0.2952000000000000E+0004  0.0000000000000000E+0000  0.0000000000000000E+0000  0.9509999296370278E+0003  0.1138999915725306E+0004  0.9994411754975180E+0003  0.4800000000000000E+0003  0.3569441020859851E+0004
  0.2976000000000000E+0004  0.0000000000000000E+0000  0.0000000000000000E+0000  0.9509999296370278E+0003  0.1138999915725306E+0004  0.1949795435685337E+0004  0.4800000000000000E+0003  0.4519795281047670E+0004
  0.3000000000000000E+0004  0.0000000000000000E+0000  0.0000000000000000E+0000  0.9509999296370278E+0003  0.1138999915725306E+0004  0.3984734617225670E+0003  0.4800000000000000E+0003  0.2968473307084900E+0004
  0.3024000000000000E+0004  0.0000000000000000E+0000  0.0000000000000000E+0000  0.9509999296370278E+0003  0.1138999915725306E+0004  0.3867487562424229E+0003  0.4800000000000000E+0003  0.2956748601604756E+0004
  0.3048000000000000E+0004  0.0000000000000000E+0000  0.0000000000000000E+0000  0.9509999296370278E+0003  0.1138999915725306E+0004  0.3643038183434039E+0004  0.4800000000000000E+0003  0.6213038028796372E+0004
  0.3072000000000000E+0004  0.0000000000000000E+0000  0.0000000000000000E+0000  0.9509999296370278E+0003  0.1138999915725306E+0004  0.2189496931995024E+0004  0.4800000000000000E+0003  0.4759496777357357E+0004
  0.3096000000000000E+0004  0.0000000000000000E+0000  0.0000000000000000E+0000  0.9509999296370278E+0003  0.1138999915725306E+0004  0.3996708790315163E+0004  0.4800000000000000E+0003  0.6566708635677497E+0004
  0.3120000000000000E+0004  0.0000000000000000E+0000  0.0000000000000000E+0000  0.9509999296370278E+0003  0.1138999915725306E+0004  0.4663443799076093E+0004  0.4800000000000000E+0003  0.7233443644438426E+0004
  0.3144000000000000E+0004  0.0000000000000000E+0000  0.0000000000000000E+0000  0.9509999296370278E+0003  0.1138999915725306E+0004  0.4288502156202685E+0004  0.4800000000000000E+0003  0.6858502001565017E+0004
  0.3168000000000000E+0004  0.0000000000000000E+0000  0.0000000000000000E+0000  0.9509999296370278E+0003  0.1138999915725306E+0004  0.2993416533182600E+0003  0.4800000000000000E+0003  0.2869341498680593E+0004
  0.3192000000000000E+0004  0.0000000000000000E+0000  0.0000000000000000E+0000  0.9509999296370278E+0003  0.1138999915725306E+0004  0.3037048147746718E+0003  0.4800000000000000E+0003  0.2873704660137005E+0004
  0.3216000000000000E+0004  0.0000000000000000E+0000  0.0000000000000000E+0000  0.9509999296370278E+0003  0.1138999915725306E+0004  0.3795182303536892E+0004  0.4800000000000000E+0003  0.6365182148899225E+0004
  0.3240000000000000E+0004  0.0000000000000000E+0000  0.0000000000000000E+0000  0.9509999296370278E+0003  0.1138999915725306E+0004  0.2841070920562506E+0004  0.4800000000000000E+0003  0.5411070765924838E+0004
  0.3264000000000000E+0004  0.0000000000000000E+0000  0.0000000000000000E+0000  0.9509999296370278E+0003  0.1138999915725306E+0004  0.7909644130444814E+0003  0.4800000000000000E+0003  0.3360964258406815E+0004
  0.3288000000000000E+0004  0.0000000000000000E+0000  0.0000000000000000E+0000  0.9509999296370278E+0003  0.1138999915725306E+0004  0.1593584034011172E+0004  0.4800000000000000E+0003  0.4163583879373505E+0004
  0.3312000000000000E+0004  0.0000000000000000E+0000  0.0000000000000000E+0000  0.9509999296370278E+0003  0.1138999915725306E+0004  0.1531045751380359E+0004  0.4800000000000000E+0003  0.4101045596742693E+0004
  0.3336000000000000E+0004  0.0000000000000000E+0000  0.0000000000000000E+0000  0.9509999296370278E+0003  0.1138999915725306E+0004  0.3791250057210675E+0003  0.4800000000000000E+0003  0.2949124851083401E+0004
  0.3360000000000000E+0004  0.0000000000000000E+0000  0.0000000000000000E+0000  0.9509999296370278E+0003  0.1138999915725306E+0004  0.4366938616622128E+0003  0.4800000000000000E+0003  0.3006693707024546E+0004
  0.3384000000000000E+0004  0.0000000000000000E+0000  0.0000000000000000E+0000  0.9509999296370278E+0003  0.1138999915725306E+0004  0.4957438213934163E+0004  0.4800000000000000E+0003  0.7527438059296497E+0004
  0.3408000000000000E+0004  0.0000000000000000E+0000  0.0000000000000000E+0000  0.9509999296370278E+0003  0.1138999915725306E+0004  0.4077894858221208E+0004  0.4800000000000000E+0003  0.6647894703583541E+0004
  0.3432000000000000E+0004  0.0000000000000000E+0000  0.0000000000000000E+0000  0.9509999296370278E+0003  0.1138999915725306E+0004  0.4116611983790563E+0004  0.4800000000000000E+0003  0.6686611829152896E+0004
  0.3456000000000000E+0004  0.0000000000000000E+0000  0.0000000000000000E+0000  0.9509999296370278E+0003  0.1138999915725306E+0004  0.4809511190919677E+0004  0.4800000000000000E+0003  0.7379511036282010E+0004
  0.3480000000000000E+0004  0.0000000000000000E+0000  0.0000000000000000E+0000  0.9509999296370278E+0003  0.1138999915725306E+0004  0.5369709191686433E+0004  0.4800000000000000E+0003  0.7939709037048767E+0004
  0.3504000000000000E+0004  0.0000000000000000E+0000  0.0000000000000000E+0000  0.9509999296370278E+0003  0.1138999915725306E+0004  0.5190536674456656E+0003  0.4800000000000000E+0003  0.3089053512807999E+0004
  0.3528000000000000E+0004  0.0000000000000000E+0000  0.0000000000000000E+0000  0.9509999296370278E+0003  0.1138999915725306E+0004  0.4022018130643385E+0003  0.4800000000000000E+0003  0.2972201658426672E+0004
  0.3552000000000000E+0004  0.0000000000000000E+0000  0.0000000000000000E+0000  0.9509999296370278E+0003  0.1138999915725306E+0004  0.6587241860158232E+0004  0.4800000000000000E+0003  0.9157241705520566E+0004
  0.3576000000000000E+0004  0.0000000000000000E+0000  0.0000000000000000E+0000  0.9509999296370278E+0003  0.1138999915725306E+0004  0.6681390529829630E+0004  0.4800000000000000E+0003  0.9251390375191964E+0004
  0.3600000000000000E+0004  0.0000000000000000E+0000  0.0000000000000000E+0000  0.9509999296370278E+0003  0.1138999915725306E+0004  0.6916882386015898E+0004  0.4800000000000000E+0003  0.9486882231378231E+0004
  0.3624000000000000E+0004  0.0000000000000000E+0000  0.0000000000000000E+0000  0.9509999296370278E+0003  0.1138999915725306E+0004  0.6114836620403089E+0004  0.4800000000000000E+0003  0.8684836465765422E+0004
  0.3648000000000000E+0004  0.0000000000000000E+0000  0.0000000000000000E+0000  0.7430999450197027E+0003  0.9256999315075304E+0003  0.6757420269423781E+0004  0.3810000000000000E+0003  0.8807220145951014E+0004
  0.3672000000000000E+0004  0.0000000000000000E+0000  0.0000000000000000E+0000  0.2309999829081388E+0003  0.2369999824641945E+0003  0.5614107150890329E+0003  0.1100000000000000E+0003  0.1139410680461366E+0004
  0.3696000000000000E+0004  0.0000000000000000E+0000  0.0000000000000000E+0000  0.2309999829081388E+0003  0.2369999824641945E+0003  0.5755909674186867E+0003  0.1100000000000000E+0003  0.1153590932791020E+0004
  0.3720000000000000E+0004  0.0000000000000000E+0000  0.0000000000000000E+0000  0.7892999416013305E+0003  0.9730999280003693E+0003  0.7182304800092401E+0004  0.4030000000000000E+0003  0.9347704669694102E+0004
  0.3744000000000000E+0004  0.0000000000000000E+0000  0.0000000000000000E+0000  0.8816999347645860E+0003  0.1067899920986047E+0004  0.7647494177799971E+0004  0.4470000000000000E+0003  0.1004409403355060E+0005
  0.3768000000000000E+0004  0.0000000000000000E+0000  0.0000000000000000E+0000  0.7661999433105165E+0003  0.9493999297539499E+0003  0.6785234638965958E+0004  0.3920000000000000E+0003  0.8892834512030426E+0004
  0.3792000000000000E+0004  0.0000000000000000E+0000  0.0000000000000000E+0000  0.7199999467288887E+0003  0.9019999332611111E+0003  0.6153265485067491E+0004  0.3700000000000000E+0003  0.8145265365057489E+0004
  0.3816000000000000E+0004  0.0000000000000000E+0000  0.0000000000000000E+0000  0.7199999467288887E+0003  0.9019999332611111E+0003  0.4643764246688067E+0004  0.3700000000000000E+0003  0.6635764126678067E+0004
  0.3840000000000000E+0004  0.0000000000000000E+0000  0.0000000000000000E+0000  0.2309999829081388E+0003  0.2369999824641945E+0003  0.4150439886572277E+0003  0.1100000000000000E+0003  0.9930439540295610E+0003
  0.3864000000000000E+0004  0.0000000000000000E+0000  0.0000000000000000E+0000  0.2309999829081388E+0003  0.2369999824641945E+0003  0.4375218216664537E+0003  0.1100000000000000E+0003  0.1015521787038787E+0004
  0.3888000000000000E+0004  0.0000000000000000E+0000  0.0000000000000000E+0000  0.7199999467288887E+0003  0.9019999332611111E+0003  0.4882683974188675E+0004  0.3700000000000000E+0003  0.6874683854178675E+0004
  0.3912000000000000E+0004  0.0000000000000000E+0000  0.0000000000000000E+0000  0.7199999467288887E+0003  0.9019999332611111E+0003  0.6832598171657293E+0004  0.3700000000000000E+0003  0.8824598051647292E+0004
  0.3936000000000000E+0004  0.0000000000000000E+0000  0.0000000000000000E+0000  0.7661999433105166E+0003  0.9493999297539500E+0003  0.7059250331558465E+0004  0.3920000000000000E+0003  0.9166850204622931E+0004
  0.3960000000000000E+0004  0.0000000000000000E+0000  0.0000000000000000E+0000  0.7199999467288887E+0003  0.9019999332611111E+0003  0.5330557222042981E+0004  0.3700000000000000E+0003  0.7322557102032980E+0004
  0.3984000000000000E+0004  0.0000000000000000E+0000  0.0000000000000000E+0000  0.7199999467288887E+0003  0.9019999332611111E+0003  0.6021433062599357E+0004  0.3700000000000000E+0003  0.8013432942589357E+0004
  0.4008000000000000E+0004  0.0000000000000000E+0000  0.0000000000000000E+0000  0.2309999829081388E+0003  0.2369999824641945E+0003  0.4885880024285137E+0003  0.1100000000000000E+0003  0.1066587967800847E+0004
  0.4032000000000000E+0004  0.0000000000000000E+0000  0.0000000000000000E+0000  0.2309999829081388E+0003  0.2369999824641945E+0003  0.5373294572207524E+0003  0.1100000000000000E+0003  0.1115329422593086E+0004
  0.4056000000000000E+0004  0.0000000000000000E+0000  0.0000000000000000E+0000  0.7199999467288887E+0003  0.9019999332611111E+0003  0.6620279283236431E+0004  0.3700000000000000E+0003  0.8612279163226433E+0004
  0.4080000000000000E+0004  0.0000000000000000E+0000  0.0000000000000000E+0000  0.7430999450197027E+0003  0.9256999315075306E+0003  0.6966996167898050E+0004  0.3810000000000000E+0003  0.9016796044425284E+0004
  0.4104000000000000E+0004  0.0000000000000000E+0000  0.0000000000000000E+0000  0.7430999450197027E+0003  0.9256999315075304E+0003  0.6766282820967524E+0004  0.3810000000000000E+0003  0.8816082697494756E+0004
  0.4128000000000000E+0004  0.0000000000000000E+0000  0.0000000000000000E+0000  0.7430999450197027E+0003  0.9256999315075304E+0003  0.6681657038582576E+0004  0.3810000000000000E+0003  0.8731456915109809E+0004
  0.4152000000000000E+0004  0.0000000000000000E+0000  0.0000000000000000E+0000  0.8123999398921444E+0003  0.9967999262467888E+0003  0.7178188609470260E+0004  0.4140000000000000E+0003  0.9401388475609194E+0004
  0.4176000000000000E+0004  0.0000000000000000E+0000  0.0000000000000000E+0000  0.2309999829081388E+0003  0.2369999824641945E+0003  0.6825286184810045E+0003  0.1100000000000000E+0003  0.1260528583853338E+0004
  0.4200000000000000E+0004  0.0000000000000000E+0000  0.0000000000000000E+0000  0.2309999829081388E+0003  0.2369999824641945E+0003  0.6782459017456193E+0003  0.1100000000000000E+0003  0.1256245867117952E+0004
  0.4224000000000000E+0004  0.0000000000000000E+0000  0.0000000000000000E+0000  0.7892999416013304E+0003  0.9730999280003693E+0003  0.6957945183980401E+0004  0.4030000000000000E+0003  0.9123345053582101E+0004
  0.4248000000000000E+0004  0.0000000000000000E+0000  0.0000000000000000E+0000  0.7430999450197027E+0003  0.9256999315075304E+0003  0.6999144383652545E+0004  0.3810000000000000E+0003  0.9048944260179778E+0004
  0.4272000000000000E+0004  0.0000000000000000E+0000  0.0000000000000000E+0000  0.9047999330553999E+0003  0.1091599919232467E+0004  0.7461061740054327E+0004  0.4580000000000000E+0003  0.9915461592342193E+0004
  0.4296000000000000E+0004  0.0000000000000000E+0000  0.0000000000000000E+0000  0.7661999433105166E+0003  0.9493999297539499E+0003  0.7096137550182309E+0004  0.3920000000000000E+0003  0.9203737423246776E+0004
  0.4320000000000000E+0004  0.0000000000000000E+0000  0.0000000000000000E+0000  0.8585999364737721E+0003  0.1044199922739628E+0004  0.7320963224552145E+0004  0.4360000000000000E+0003  0.9659763083765545E+0004
  0.4344000000000000E+0004  0.0000000000000000E+0000  0.0000000000000000E+0000  0.2309999829081388E+0003  0.2369999824641945E+0003  0.6511383756255520E+0003  0.1100000000000000E+0003  0.1229138340997885E+0004
  0.4368000000000000E+0004  0.0000000000000000E+0000  0.0000000000000000E+0000  0.2309999829081388E+0003  0.2369999824641945E+0003  0.5412508681010437E+0003  0.1100000000000000E+0003  0.1119250833473377E+0004
  0.4392000000000000E+0004  0.0000000000000000E+0000  0.0000000000000000E+0000  0.7199999467288887E+0003  0.9019999332611111E+0003  0.4843124370329259E+0004  0.3700000000000000E+0003  0.6835124250319258E+0004
  0.4416000000000000E+0004  0.0000000000000000E+0000  0.0000000000000000E+0000  0.7199999467288887E+0003  0.9019999332611111E+0003  0.6459226160886901E+0004  0.3700000000000000E+0003  0.8451226040876902E+0004
  0.4440000000000000E+0004  0.0000000000000000E+0000  0.0000000000000000E+0000  0.7199999467288887E+0003  0.9019999332611111E+0003  0.6430503162650424E+0004  0.3700000000000000E+0003  0.8422503042640425E+0004
  0.4464000000000000E+0004  0.0000000000000000E+0000  0.0000000000000000E+0000  0.7430999450197027E+0003  0.9256999315075304E+0003  0.6792298769204335E+0004  0.3810000000000000E+0003  0.8842098645731568E+0004
  0.4488000000000000E+0004  0.0000000000000000E+0000  0.0000000000000000E+0000  0.8354999381829582E+0003  0.1020499924493208E+0004  0.6995964446143991E+0004  0.4250000000000000E+0003  0.9276964308820157E+0004
  0.4512000000000000E+0004  0.0000000000000000E+0000  0.0000000000000000E+0000  0.2309999829081388E+0003  0.2369999824641945E+0003  0.5928203348804736E+0003  0.1100000000000000E+0003  0.1170820300252807E+0004
  0.4536000000000000E+0004  0.0000000000000000E+0000  0.0000000000000000E+0000  0.2309999829081388E+0003  0.2369999824641945E+0003  0.6089051168748025E+0003  0.1100000000000000E+0003  0.1186905082247136E+0004
  0.4560000000000000E+0004  0.0000000000000000E+0000  0.0000000000000000E+0000  0.8123999398921443E+0003  0.9967999262467888E+0003  0.7223448937928740E+0004  0.4140000000000000E+0003  0.9446648804067672E+0004
  0.4584000000000000E+0004  0.0000000000000000E+0000  0.0000000000000000E+0000  0.9278999313462139E+0003  0.1115299917478886E+0004  0.7837571050103521E+0004  0.4690000000000000E+0003  0.1034977089892862E+0005
  0.4608000000000000E+0004  0.0000000000000000E+0000  0.0000000000000000E+0000  0.8816999347645860E+0003  0.1067899920986047E+0004  0.7478221913604508E+0004  0.4470000000000000E+0003  0.9874821769355141E+0004
  0.4632000000000000E+0004  0.0000000000000000E+0000  0.0000000000000000E+0000  0.9278999313462139E+0003  0.1115299917478886E+0004  0.7779680930341213E+0004  0.4690000000000000E+0003  0.1029188077916631E+0005
  0.4656000000000000E+0004  0.0000000000000000E+0000  0.0000000000000000E+0000  0.8816999347645860E+0003  0.1067899920986047E+0004  0.7353333216958948E+0004  0.4470000000000000E+0003  0.9749933072709580E+0004
  0.4680000000000000E+0004  0.0000000000000000E+0000  0.0000000000000000E+0000  0.2309999829081388E+0003  0.2369999824641945E+0003  0.8009032760242428E+0003  0.1100000000000000E+0003  0.1378903241396576E+0004
  0.4704000000000000E+0004  0.0000000000000000E+0000  0.0000000000000000E+0000  0.2309999829081388E+0003  0.2369999824641945E+0003  0.7572084968420961E+0003  0.1100000000000000E+0003  0.1335208462214429E+0004
  0.4728000000000000E+0004  0.0000000000000000E+0000  0.0000000000000000E+0000  0.9278999313462139E+0003  0.1115299917478886E+0004  0.8299392366781469E+0004  0.4690000000000000E+0003  0.1081159221560657E+0005
  0.4752000000000000E+0004  0.0000000000000000E+0000  0.0000000000000000E+0000  0.9278999313462139E+0003  0.1115299917478886E+0004  0.8628214032771819E+0004  0.4690000000000000E+0003  0.1114041388159692E+0005
  0.4776000000000000E+0004  0.0000000000000000E+0000  0.0000000000000000E+0000  0.9278999313462139E+0003  0.1115299917478886E+0004  0.9006284135409496E+0004  0.4690000000000000E+0003  0.1151848398423460E+0005
  0.4800000000000000E+0004  0.0000000000000000E+0000  0.0000000000000000E+0000  0.9278999313462139E+0003  0.1115299917478886E+0004  0.8595802237811922E+0004  0.4690000000000000E+0003  0.1110800208663702E+0005
  0.4824000000000000E+0004  0.0000000000000000E+0000  0.0000000000000000E+0000  0.9278999313462139E+0003  0.1115299917478886E+0004  0.8125146937493166E+0004  0.4690000000000000E+0003  0.1063734678631827E+0005
  0.4848000000000000E+0004  0.0000000000000000E+0000  0.0000000000000000E+0000  0.2309999829081388E+0003  0.2369999824641945E+0003  0.8125524181467330E+0003  0.1100000000000000E+0003  0.1390552383519066E+0004
  0.4872000000000000E+0004  0.0000000000000000E+0000  0.0000000000000000E+0000  0.2309999829081388E+0003  0.2369999824641945E+0003  0.7748797208269503E+0003  0.1100000000000000E+0003  0.1352879686199284E+0004
  0.4896000000000000E+0004  0.0000000000000000E+0000  0.0000000000000000E+0000  0.9278999313462139E+0003  0.1115299917478886E+0004  0.9412473274810201E+0004  0.4690000000000000E+0003  0.1192467312363530E+0005
  0.4920000000000000E+0004  0.0000000000000000E+0000  0.0000000000000000E+0000  0.9278999313462139E+0003  0.1115299917478886E+0004  0.9342033290694664E+0004  0.4690000000000000E+0003  0.1185423313951977E+0005
  0.4944000000000000E+0004  0.0000000000000000E+0000  0.0000000000000000E+0000  0.9278999313462139E+0003  0.1115299917478886E+0004  0.9475772944522585E+0004  0.4690000000000000E+0003  0.1198797279334769E+0005
  0.4968000000000000E+0004  0.0000000000000000E+0000  0.0000000000000000E+0000  0.9278999313462139E+0003  0.1115299917478886E+0004  0.8265036517869465E+0004  0.4690000000000000E+0003  0.1077723636669456E+0005
  0.4992000000000000E+0004  0.0000000000000000E+0000  0.0000000000000000E+0000  0.9278999313462139E+0003  0.1115299917478886E+0004  0.7768149536890507E+0004  0.4690000000000000E+0003  0.1028034938571561E+0005
  0.5016000000000000E+0004  0.0000000000000000E+0000  0.0000000000000000E+0000  0.2309999829081388E+0003  0.2369999824641945E+0003  0.8705190156719974E+0003  0.1100000000000000E+0003  0.1448518981044331E+0004
  0.5040000000000000E+0004  0.0000000000000000E+0000  0.0000000000000000E+0000  0.2309999829081388E+0003  0.2369999824641945E+0003  0.8409025111677835E+0003  0.1100000000000000E+0003  0.1418902476540117E+0004
  0.5064000000000000E+0004  0.0000000000000000E+0000  0.0000000000000000E+0000  0.7430999450197027E+0003  0.9256999315075304E+0003  0.5790436935210736E+0004  0.3810000000000000E+0003  0.7840236811737970E+0004
  0.5088000000000000E+0004  0.0000000000000000E+0000  0.0000000000000000E+0000  0.9047999330553999E+0003  0.1091599919232467E+0004  0.7681100567472989E+0004  0.4580000000000000E+0003  0.1013550041976086E+0005
  0.5112000000000000E+0004  0.0000000000000000E+0000  0.0000000000000000E+0000  0.8327999383825111E+0003  0.1001399925906356E+0004  0.7135079016303584E+0004  0.4210000000000000E+0003  0.9390278880592452E+0004
  0.5136000000000000E+0004  0.0000000000000000E+0000  0.0000000000000000E+0000  0.8558999366733250E+0003  0.1025099924152775E+0004  0.7874283077810474E+0004  0.4320000000000000E+0003  0.1018728293863657E+0005
  0.5160000000000000E+0004  0.0000000000000000E+0000  0.0000000000000000E+0000  0.6452999522555526E+0003  0.7926999413481471E+0003  0.5784120558466957E+0004  0.3290000000000000E+0003  0.7551120452070657E+0004
  0.5184000000000000E+0004  0.0000000000000000E+0000  0.0000000000000000E+0000  0.0000000000000000E+0000  0.0000000000000000E+0000  0.0000000000000000E+0000  0.0000000000000000E+0000  0.0000000000000000E+0000
  0.5208000000000000E+0004  0.0000000000000000E+0000  0.0000000000000000E+0000  0.0000000000000000E+0000  0.0000000000000000E+0000  0.0000000000000000E+0000  0.0000000000000000E+0000  0.0000000000000000E+0000
  0.5232000000000000E+0004  0.0000000000000000E+0000  0.0000000000000000E+0000  0.4319999680373332E+0003  0.5411999599566667E+0003  0.3855108764405734E+0004  0.2220000000000000E+0003  0.5050308692399734E+0004
  0.5256000000000000E+0004  0.0000000000000000E+0000  0.0000000000000000E+0000  0.6710999503468138E+0003  0.8354999381814193E+0003  0.6224882484842990E+0004  0.3440000000000000E+0003  0.8075482373371224E+0004
  0.5280000000000000E+0004  0.0000000000000000E+0000  0.0000000000000000E+0000  0.7403999452192554E+0003  0.9065999329206777E+0003  0.6339281801554780E+0004  0.3770000000000000E+0003  0.8363281679694712E+0004
  0.5304000000000000E+0004  0.0000000000000000E+0000  0.0000000000000000E+0000  0.7199999467288887E+0002  0.9019999332611111E+0002  0.6001985364287987E+0003  0.3700000000000000E+0002  0.7993985244277986E+0003
  0.5328000000000000E+0004  0.0000000000000000E+0000  0.0000000000000000E+0000  0.4319999680373332E+0003  0.5411999599566667E+0003  0.3906311653517754E+0004  0.2220000000000000E+0003  0.5101511581511753E+0004
  0.5352000000000000E+0004  0.0000000000000000E+0000  0.0000000000000000E+0000  0.0000000000000000E+0000  0.0000000000000000E+0000  0.0000000000000000E+0000  0.0000000000000000E+0000  0.0000000000000000E+0000
  0.5376000000000000E+0004  0.0000000000000000E+0000  0.0000000000000000E+0000  0.0000000000000000E+0000  0.0000000000000000E+0000  0.0000000000000000E+0000  0.0000000000000000E+0000  0.0000000000000000E+0000
  0.5400000000000000E+0004  0.0000000000000000E+0000  0.0000000000000000E+0000  0.6479999520559999E+0003  0.8117999399350000E+0003  0.6143308771197341E+0004  0.3330000000000000E+0003  0.7936108663188341E+0004
  0.5424000000000000E+0004  0.0000000000000000E+0000  0.0000000000000000E+0000  0.8327999383825111E+0003  0.1001399925906356E+0004  0.6948801778855479E+0004  0.4210000000000000E+0003  0.9204001643144347E+0004
  0.5448000000000000E+0004  0.0000000000000000E+0000  0.0000000000000000E+0000  0.8558999366733250E+0003  0.1025099924152775E+0004  0.7073584068796676E+0004  0.4320000000000000E+0003  0.9386583929622773E+0004
  0.5472000000000000E+0004  0.0000000000000000E+0000  0.0000000000000000E+0000  0.8327999383825111E+0003  0.1001399925906356E+0004  0.7085101389971350E+0004  0.4210000000000000E+0003  0.9340301254260216E+0004
  0.5496000000000000E+0004  0.0000000000000000E+0000  0.0000000000000000E+0000  0.5732999575826638E+0003  0.7024999480220361E+0003  0.5094328972246187E+0004  0.2920000000000000E+0003  0.6662128877850887E+0004
  0.5520000000000000E+0004  0.0000000000000000E+0000  0.0000000000000000E+0000  0.0000000000000000E+0000  0.0000000000000000E+0000  0.0000000000000000E+0000  0.0000000000000000E+0000  0.0000000000000000E+0000
  0.5544000000000000E+0004  0.0000000000000000E+0000  0.0000000000000000E+0000  0.0000000000000000E+0000  0.0000000000000000E+0000  0.0000000000000000E+0000  0.0000000000000000E+0000  0.0000000000000000E+0000
  0.5568000000000000E+0004  0.0000000000000000E+0000  0.0000000000000000E+0000  0.5270999610010360E+0003  0.6550999515291971E+0003  0.4606451671090687E+0004  0.2700000000000000E+0003  0.6058651583620920E+0004
  0.5592000000000000E+0004  0.0000000000000000E+0000  0.0000000000000000E+0000  0.7172999469284416E+0003  0.8828999346742582E+0003  0.6723507868998493E+0004  0.3660000000000000E+0003  0.8689707750601192E+0004
  0.5616000000000000E+0004  0.0000000000000000E+0000  0.0000000000000000E+0000  0.8558999366733250E+0003  0.1025099924152775E+0004  0.7514366441576286E+0004  0.4320000000000000E+0003  0.9827366302402388E+0004
  0.5640000000000000E+0004  0.0000000000000000E+0000  0.0000000000000000E+0000  0.9278999313462139E+0003  0.1115299917478886E+0004  0.8851150832060586E+0004  0.4690000000000000E+0003  0.1136335068088569E+0005
  0.5664000000000000E+0004  0.0000000000000000E+0000  0.0000000000000000E+0000  0.9047999330553999E+0003  0.1091599919232467E+0004  0.7954734963021177E+0004  0.4580000000000000E+0003  0.1040913481530904E+0005
  0.5688000000000000E+0004  0.0000000000000000E+0000  0.0000000000000000E+0000  0.0000000000000000E+0000  0.0000000000000000E+0000  0.0000000000000000E+0000  0.0000000000000000E+0000  0.0000000000000000E+0000
  0.5712000000000000E+0004  0.0000000000000000E+0000  0.0000000000000000E+0000  0.0000000000000000E+0000  0.0000000000000000E+0000  0.0000000000000000E+0000  0.0000000000000000E+0000  0.0000000000000000E+0000
  0.5736000000000000E+0004  0.0000000000000000E+0000  0.0000000000000000E+0000  0.8585999364737722E+0003  0.1044199922739628E+0004  0.7623767592367921E+0004  0.4360000000000000E+0003  0.9962567451581323E+0004
  0.5760000000000000E+0004  0.0000000000000000E+0000  0.0000000000000000E+0000  0.9278999313462139E+0003  0.1115299917478886E+0004  0.8660880429634537E+0004  0.4690000000000000E+0003  0.1117308027845964E+0005
  0.5784000000000000E+0004  0.0000000000000000E+0000  0.0000000000000000E+0000  0.7403999452192554E+0003  0.9065999329206777E+0003  0.6648157128240385E+0004  0.3770000000000000E+0003  0.8672157006380319E+0004
  0.5808000000000000E+0004  0.0000000000000000E+0000  0.0000000000000000E+0000  0.7865999418008832E+0003  0.9539999294135166E+0003  0.6890184209152948E+0004  0.3990000000000000E+0003  0.9029784080367348E+0004
  0.5832000000000000E+0004  0.0000000000000000E+0000  0.0000000000000000E+0000  0.8354999381829582E+0003  0.1020499924493208E+0004  0.7525852304507263E+0004  0.4250000000000000E+0003  0.9806852167183430E+0004
  0.5856000000000000E+0004  0.0000000000000000E+0000  0.0000000000000000E+0000  0.2309999829081388E+0003  0.2369999824641945E+0003  0.6964317281835315E+0003  0.1100000000000000E+0003  0.1274431693555865E+0004
  0.5880000000000000E+0004  0.0000000000000000E+0000  0.0000000000000000E+0000  0.2309999829081388E+0003  0.2369999824641945E+0003  0.6473503141759462E+0003  0.1100000000000000E+0003  0.1225350279548279E+0004
  0.5904000000000000E+0004  0.0000000000000000E+0000  0.0000000000000000E+0000  0.6839999493924443E+0003  0.8568999365980555E+0003  0.4093357454209712E+0004  0.3515000000000000E+0003  0.5985757340200211E+0004
  0.5928000000000000E+0004  0.0000000000000000E+0000  0.0000000000000000E+0000  0.6839999493924443E+0003  0.8568999365980555E+0003  0.4573418445826052E+0004  0.3515000000000000E+0003  0.6465818331816551E+0004
  0.5952000000000000E+0004  0.0000000000000000E+0000  0.0000000000000000E+0000  0.6839999493924443E+0003  0.8568999365980555E+0003  0.4724481583304976E+0004  0.3515000000000000E+0003  0.6616881469295476E+0004
  0.5976000000000000E+0004  0.0000000000000000E+0000  0.0000000000000000E+0000  0.6839999493924443E+0003  0.8568999365980555E+0003  0.5139547479520824E+0004  0.3515000000000000E+0003  0.7031947365511324E+0004
  0.6000000000000000E+0004  0.0000000000000000E+0000  0.0000000000000000E+0000  0.7430999450197027E+0003  0.9256999315075304E+0003  0.6368810706934736E+0004  0.3810000000000000E+0003  0.8418610583461968E+0004
  0.6024000000000000E+0004  0.0000000000000000E+0000  0.0000000000000000E+0000  0.2309999829081388E+0003  0.2369999824641945E+0003  0.6858384210071356E+0003  0.1100000000000000E+0003  0.1263838386379469E+0004
  0.6048000000000000E+0004  0.0000000000000000E+0000  0.0000000000000000E+0000  0.2309999829081388E+0003  0.2369999824641945E+0003  0.6048960784933175E+0003  0.1100000000000000E+0003  0.1182896043865651E+0004
  0.6072000000000000E+0004  0.0000000000000000E+0000  0.0000000000000000E+0000  0.7199999467288887E+0003  0.9019999332611111E+0003  0.6080087235330141E+0004  0.3700000000000000E+0003  0.8072087115320141E+0004
  0.6096000000000000E+0004  0.0000000000000000E+0000  0.0000000000000000E+0000  0.9047999330553999E+0003  0.1091599919232467E+0004  0.7243598003843528E+0004  0.4580000000000000E+0003  0.9697997856131395E+0004
  0.6120000000000000E+0004  0.0000000000000000E+0000  0.0000000000000000E+0000  0.7430999450197027E+0003  0.9256999315075304E+0003  0.5736955605768799E+0004  0.3810000000000000E+0003  0.7786755482296032E+0004
  0.6144000000000000E+0004  0.0000000000000000E+0000  0.0000000000000000E+0000  0.7430999450197027E+0003  0.9256999315075304E+0003  0.5586459930574198E+0004  0.3810000000000000E+0003  0.7636259807101432E+0004
  0.6168000000000000E+0004  0.0000000000000000E+0000  0.0000000000000000E+0000  0.6839999493924443E+0003  0.8568999365980555E+0003  0.4664514093870255E+0004  0.3515000000000000E+0003  0.6556913979860755E+0004
  0.6192000000000000E+0004  0.0000000000000000E+0000  0.0000000000000000E+0000  0.2309999829081388E+0003  0.2369999824641945E+0003  0.7386702399184505E+0003  0.1100000000000000E+0003  0.1316670205290784E+0004
  0.6216000000000000E+0004  0.0000000000000000E+0000  0.0000000000000000E+0000  0.2309999829081388E+0003  0.2369999824641945E+0003  0.7311985012662822E+0003  0.1100000000000000E+0003  0.1309198466638615E+0004
  0.6240000000000000E+0004  0.0000000000000000E+0000  0.0000000000000000E+0000  0.8816999347645860E+0003  0.1067899920986047E+0004  0.7542668879000204E+0004  0.4470000000000000E+0003  0.9939268734750838E+0004
  0.6264000000000000E+0004  0.0000000000000000E+0000  0.0000000000000000E+0000  0.9278999313462139E+0003  0.1115299917478886E+0004  0.8272496645087002E+0004  0.4690000000000000E+0003  0.1078469649391210E+0005
  0.6288000000000000E+0004  0.0000000000000000E+0000  0.0000000000000000E+0000  0.9278999313462139E+0003  0.1115299917478886E+0004  0.7549957967260227E+0004  0.4690000000000000E+0003  0.1006215781608533E+0005
  0.6312000000000000E+0004  0.0000000000000000E+0000  0.0000000000000000E+0000  0.7661999433105165E+0003  0.9493999297539499E+0003  0.6396666668025164E+0004  0.3920000000000000E+0003  0.8504266541089628E+0004
  0.6336000000000000E+0004  0.0000000000000000E+0000  0.0000000000000000E+0000  0.7199999467288887E+0003  0.9019999332611111E+0003  0.4856237533821341E+0004  0.3700000000000000E+0003  0.6848237413811341E+0004
  0.6360000000000000E+0004  0.0000000000000000E+0000  0.0000000000000000E+0000  0.2309999829081388E+0003  0.2369999824641945E+0003  0.6348668806210628E+0003  0.1100000000000000E+0003  0.1212866845993396E+0004
  0.6384000000000000E+0004  0.0000000000000000E+0000  0.0000000000000000E+0000  0.2309999829081388E+0003  0.2369999824641945E+0003  0.6021939257727731E+0003  0.1100000000000000E+0003  0.1180193891145106E+0004
  0.6408000000000000E+0004  0.0000000000000000E+0000  0.0000000000000000E+0000  0.6839999493924443E+0003  0.8568999365980555E+0003  0.4570262020792594E+0004  0.3515000000000000E+0003  0.6462661906783094E+0004
  0.6432000000000000E+0004  0.0000000000000000E+0000  0.0000000000000000E+0000  0.7199999467288887E+0003  0.9019999332611111E+0003  0.5554171805822356E+0004  0.3700000000000000E+0003  0.7546171685812356E+0004
  0.6456000000000000E+0004  0.0000000000000000E+0000  0.0000000000000000E+0000  0.7199999467288887E+0003  0.9019999332611111E+0003  0.5466929661520468E+0004  0.3700000000000000E+0003  0.7458929541510466E+0004
  0.6480000000000000E+0004  0.0000000000000000E+0000  0.0000000000000000E+0000  0.7199999467288887E+0003  0.9019999332611111E+0003  0.5852622542097839E+0004  0.3700000000000000E+0003  0.7844622422087838E+0004
  0.6504000000000000E+0004  0.0000000000000000E+0000  0.0000000000000000E+0000  0.7199999467288887E+0003  0.9019999332611111E+0003  0.5665405178458417E+0004  0.3700000000000000E+0003  0.7657405058448418E+0004
  0.6528000000000000E+0004  0.0000000000000000E+0000  0.0000000000000000E+0000  0.2309999829081388E+0003  0.2369999824641945E+0003  0.6332419992289417E+0003  0.1100000000000000E+0003  0.1211241964601275E+0004
  0.6552000000000000E+0004  0.0000000000000000E+0000  0.0000000000000000E+0000  0.2309999829081388E+0003  0.2369999824641945E+0003  0.4827773580031028E+0003  0.1100000000000000E+0003  0.1060777323375436E+0004
  0.6576000000000000E+0004  0.0000000000000000E+0000  0.0000000000000000E+0000  0.6941999486376276E+0003  0.8591999364278388E+0003  0.5980606768489082E+0004  0.3550000000000000E+0003  0.7889006653554549E+0004
  0.6600000000000000E+0004  0.0000000000000000E+0000  0.0000000000000000E+0000  0.7532999442648860E+0003  0.9279999313373138E+0003  0.6788511352391720E+0004  0.3845000000000000E+0003  0.8854311227993920E+0004
  0.6624000000000000E+0004  0.0000000000000000E+0000  0.0000000000000000E+0000  0.7301999459740721E+0003  0.9042999330908943E+0003  0.6781353081499409E+0004  0.3735000000000000E+0003  0.8789352960564376E+0004
  0.6648000000000000E+0004  0.0000000000000000E+0000  0.0000000000000000E+0000  0.7532999442648860E+0003  0.9279999313373138E+0003  0.6891433239582117E+0004  0.3845000000000000E+0003  0.8957233115184317E+0004
  0.6672000000000000E+0004  0.0000000000000000E+0000  0.0000000000000000E+0000  0.6941999486376276E+0003  0.8591999364278388E+0003  0.6055608966846110E+0004  0.3550000000000000E+0003  0.7964008851911575E+0004
  0.6696000000000000E+0004  0.0000000000000000E+0000  0.0000000000000000E+0000  0.0000000000000000E+0000  0.0000000000000000E+0000  0.0000000000000000E+0000  0.0000000000000000E+0000  0.0000000000000000E+0000
  0.6720000000000000E+0004  0.0000000000000000E+0000  0.0000000000000000E+0000  0.0000000000000000E+0000  0.0000000000000000E+0000  0.0000000000000000E+0000  0.0000000000000000E+0000  0.0000000000000000E+0000
  0.6744000000000000E+0004  0.0000000000000000E+0000  0.0000000000000000E+0000  0.5318999606453248E+0003  0.6191999541852750E+0003  0.3888706728365121E+0004  0.2655000000000000E+0003  0.5305306643195721E+0004
  0.6768000000000000E+0004  0.0000000000000000E+0000  0.0000000000000000E+0000  0.5678999579817693E+0003  0.6642999508483306E+0003  0.4352693810678555E+0004  0.2840000000000000E+0003  0.5868893719508655E+0004
  0.6792000000000000E+0004  0.0000000000000000E+0000  0.0000000000000000E+0000  0.2519999813551111E+0003  0.3156999766413889E+0003  0.1284982540528291E+0004  0.1295000000000000E+0003  0.1982182498524791E+0004
  0.6816000000000000E+0004  0.0000000000000000E+0000  0.0000000000000000E+0000  0.1799999866822222E+0003  0.2254999833152778E+0003  0.9010516983944891E+0003  0.9250000000000000E+0002  0.1399051668391989E+0004
  0.6840000000000000E+0004  0.0000000000000000E+0000  0.0000000000000000E+0000  0.2519999813551111E+0003  0.3156999766413889E+0003  0.1320099109601728E+0004  0.1295000000000000E+0003  0.2017299067598227E+0004
  0.6864000000000000E+0004  0.0000000000000000E+0000  0.0000000000000000E+0000  0.0000000000000000E+0000  0.0000000000000000E+0000  0.0000000000000000E+0000  0.0000000000000000E+0000  0.0000000000000000E+0000
  0.6888000000000000E+0004  0.0000000000000000E+0000  0.0000000000000000E+0000  0.0000000000000000E+0000  0.0000000000000000E+0000  0.0000000000000000E+0000  0.0000000000000000E+0000  0.0000000000000000E+0000
  0.6912000000000000E+0004  0.0000000000000000E+0000  0.0000000000000000E+0000  0.3239999760279999E+0003  0.4058999699675000E+0003  0.2074531905241359E+0004  0.1665000000000000E+0003  0.2970931851236859E+0004
  0.6936000000000000E+0004  0.0000000000000000E+0000  0.0000000000000000E+0000  0.3932999709004416E+0003  0.4769999647067583E+0003  0.2522491156770448E+0004  0.1995000000000000E+0003  0.3592291092377649E+0004
  0.6960000000000000E+0004  0.0000000000000000E+0000  0.0000000000000000E+0000  0.3932999709004416E+0003  0.4769999647067583E+0003  0.2485144159871256E+0004  0.1995000000000000E+0003  0.3554944095478455E+0004
  0.6984000000000000E+0004  0.0000000000000000E+0000  0.0000000000000000E+0000  0.0000000000000000E+0000  0.0000000000000000E+0000  0.0000000000000000E+0000  0.0000000000000000E+0000  0.0000000000000000E+0000
  0.7008000000000000E+0004  0.0000000000000000E+0000  0.0000000000000000E+0000  0.0000000000000000E+0000  0.0000000000000000E+0000  0.0000000000000000E+0000  0.0000000000000000E+0000  0.0000000000000000E+0000
  0.7032000000000000E+0004  0.0000000000000000E+0000  0.0000000000000000E+0000  0.0000000000000000E+0000  0.0000000000000000E+0000  0.0000000000000000E+0000  0.0000000000000000E+0000  0.0000000000000000E+0000
  0.7056000000000000E+0004  0.0000000000000000E+0000  0.0000000000000000E+0000  0.0000000000000000E+0000  0.0000000000000000E+0000  0.0000000000000000E+0000  0.0000000000000000E+0000  0.0000000000000000E+0000
  0.7080000000000000E+0004  0.0000000000000000E+0000  0.0000000000000000E+0000  0.4292999682368859E+0003  0.5220999613698139E+0003  0.2815991788623739E+0004  0.2180000000000000E+0003  0.3985391718230439E+0004
  0.7104000000000000E+0004  0.0000000000000000E+0000  0.0000000000000000E+0000  0.4061999699460721E+0003  0.4983999631233945E+0003  0.2890441039609338E+0004  0.2070000000000000E+0003  0.4002040972678805E+0004
  0.7128000000000000E+0004  0.0000000000000000E+0000  0.0000000000000000E+0000  0.5447999596909553E+0003  0.6405999526019111E+0003  0.3559272877271614E+0004  0.2730000000000000E+0003  0.5017672789564480E+0004
  0.7152000000000000E+0004  0.0000000000000000E+0000  0.0000000000000000E+0000  0.2879999786915555E+0003  0.3607999733044444E+0003  0.1648219663581356E+0004  0.1480000000000000E+0003  0.2445019615577356E+0004
  0.7176000000000000E+0004  0.0000000000000000E+0000  0.0000000000000000E+0000  0.2879999786915555E+0003  0.3607999733044444E+0003  0.1690754381498079E+0004  0.1480000000000000E+0003  0.2487554333494078E+0004
  0.7200000000000000E+0004  0.0000000000000000E+0000  0.0000000000000000E+0000  0.0000000000000000E+0000  0.0000000000000000E+0000  0.0000000000000000E+0000  0.0000000000000000E+0000  0.0000000000000000E+0000
  0.7224000000000000E+0004  0.0000000000000000E+0000  0.0000000000000000E+0000  0.0000000000000000E+0000  0.0000000000000000E+0000  0.0000000000000000E+0000  0.0000000000000000E+0000  0.0000000000000000E+0000
  0.7248000000000000E+0004  0.0000000000000000E+0000  0.0000000000000000E+0000  0.3470999743188138E+0003  0.4295999682139194E+0003  0.2529199505128391E+0004  0.1775000000000000E+0003  0.3483399447661124E+0004
  0.7272000000000000E+0004  0.0000000000000000E+0000  0.0000000000000000E+0000  0.3239999760279999E+0003  0.4058999699675000E+0003  0.2111315259870807E+0004  0.1665000000000000E+0003  0.3007715205866307E+0004
  0.7296000000000000E+0004  0.0000000000000000E+0000  0.0000000000000000E+0000  0.2879999786915555E+0003  0.3607999733044444E+0003  0.1557718563626459E+0004  0.1480000000000000E+0003  0.2354518515622458E+0004
  0.7320000000000000E+0004  0.0000000000000000E+0000  0.0000000000000000E+0000  0.2309999829081388E+0003  0.2369999824641945E+0003  0.1373144282097814E+0004  0.1100000000000000E+0003  0.1951144247470147E+0004
  0.7344000000000000E+0004  0.0000000000000000E+0000  0.0000000000000000E+0000  0.2309999829081388E+0003  0.2369999824641945E+0003  0.9651739911552877E+0003  0.1100000000000000E+0003  0.1543173956527621E+0004
  0.7368000000000000E+0004  0.0000000000000000E+0000  0.0000000000000000E+0000  0.2309999829081388E+0003  0.2369999824641945E+0003  0.1260116503797220E+0003  0.1100000000000000E+0003  0.7040116157520554E+0003
  0.7392000000000000E+0004  0.0000000000000000E+0000  0.0000000000000000E+0000  0.2309999829081388E+0003  0.2369999824641945E+0003  0.9528389019949677E+0002  0.1100000000000000E+0003  0.6732838555718299E+0003
  0.7416000000000000E+0004  0.0000000000000000E+0000  0.0000000000000000E+0000  0.2309999829081388E+0003  0.2369999824641945E+0003  0.7540778836896634E+0003  0.1100000000000000E+0003  0.1332077849061997E+0004
  0.7440000000000000E+0004  0.0000000000000000E+0000  0.0000000000000000E+0000  0.2309999829081388E+0003  0.2369999824641945E+0003  0.9548966000688163E+0003  0.1100000000000000E+0003  0.1532896565441150E+0004
  0.7464000000000000E+0004  0.0000000000000000E+0000  0.0000000000000000E+0000  0.2309999829081388E+0003  0.2369999824641945E+0003  0.1261875270429818E+0004  0.1100000000000000E+0003  0.1839875235802151E+0004
  0.7488000000000000E+0004  0.0000000000000000E+0000  0.0000000000000000E+0000  0.2309999829081388E+0003  0.2369999824641945E+0003  0.1616049251855486E+0004  0.1100000000000000E+0003  0.2194049217227820E+0004
  0.7512000000000000E+0004  0.0000000000000000E+0000  0.0000000000000000E+0000  0.2309999829081388E+0003  0.2369999824641945E+0003  0.2111547934241600E+0004  0.1100000000000000E+0003  0.2689547899613934E+0004
  0.7536000000000000E+0004  0.0000000000000000E+0000  0.0000000000000000E+0000  0.2309999829081388E+0003  0.2369999824641945E+0003  0.2656591343303826E+0003  0.1100000000000000E+0003  0.8436590997027158E+0003
  0.7560000000000000E+0004  0.0000000000000000E+0000  0.0000000000000000E+0000  0.2309999829081388E+0003  0.2369999824641945E+0003  0.3087291740422795E+0003  0.1100000000000000E+0003  0.8867291394146129E+0003
  0.7584000000000000E+0004  0.0000000000000000E+0000  0.0000000000000000E+0000  0.2309999829081388E+0003  0.2369999824641945E+0003  0.2125272429278170E+0004  0.1100000000000000E+0003  0.2703272394650503E+0004
  0.7608000000000000E+0004  0.0000000000000000E+0000  0.0000000000000000E+0000  0.2309999829081388E+0003  0.2369999824641945E+0003  0.2148245838487756E+0004  0.1100000000000000E+0003  0.2726245803860089E+0004
  0.7632000000000000E+0004  0.0000000000000000E+0000  0.0000000000000000E+0000  0.2309999829081388E+0003  0.2369999824641945E+0003  0.2107867622856809E+0004  0.1100000000000000E+0003  0.2685867588229141E+0004
  0.7656000000000000E+0004  0.0000000000000000E+0000  0.0000000000000000E+0000  0.2309999829081388E+0003  0.2369999824641945E+0003  0.2128906777978047E+0004  0.1100000000000000E+0003  0.2706906743350380E+0004
  0.7680000000000000E+0004  0.0000000000000000E+0000  0.0000000000000000E+0000  0.2309999829081388E+0003  0.2369999824641945E+0003  0.2120178157863072E+0004  0.1100000000000000E+0003  0.2698178123235405E+0004
  0.7704000000000000E+0004  0.0000000000000000E+0000  0.0000000000000000E+0000  0.2309999829081388E+0003  0.2369999824641945E+0003  0.3497367234098095E+0003  0.1100000000000000E+0003  0.9277366887821428E+0003
  0.7728000000000000E+0004  0.0000000000000000E+0000  0.0000000000000000E+0000  0.2309999829081388E+0003  0.2369999824641945E+0003  0.3566837013849110E+0003  0.1100000000000000E+0003  0.9346836667572443E+0003
  0.7752000000000000E+0004  0.0000000000000000E+0000  0.0000000000000000E+0000  0.2309999829081388E+0003  0.2369999824641945E+0003  0.2135849470279320E+0004  0.1100000000000000E+0003  0.2713849435651653E+0004
  0.7776000000000000E+0004  0.0000000000000000E+0000  0.0000000000000000E+0000  0.2309999829081388E+0003  0.2369999824641945E+0003  0.2035186865195498E+0004  0.1100000000000000E+0003  0.2613186830567831E+0004
  0.7800000000000000E+0004  0.0000000000000000E+0000  0.0000000000000000E+0000  0.2309999829081388E+0003  0.2369999824641945E+0003  0.2089247797002813E+0004  0.1100000000000000E+0003  0.2667247762375146E+0004
  0.7824000000000000E+0004  0.0000000000000000E+0000  0.0000000000000000E+0000  0.2309999829081388E+0003  0.2369999824641945E+0003  0.2120311166041232E+0004  0.1100000000000000E+0003  0.2698311131413565E+0004
  0.7848000000000000E+0004  0.0000000000000000E+0000  0.0000000000000000E+0000  0.2309999829081388E+0003  0.2369999824641945E+0003  0.2118195942509265E+0004  0.1100000000000000E+0003  0.2696195907881598E+0004
  0.7872000000000000E+0004  0.0000000000000000E+0000  0.0000000000000000E+0000  0.2309999829081388E+0003  0.2369999824641945E+0003  0.1764744185954458E+0003  0.1100000000000000E+0003  0.7544743839677790E+0003
  0.7896000000000000E+0004  0.0000000000000000E+0000  0.0000000000000000E+0000  0.2309999829081388E+0003  0.2369999824641945E+0003  0.1338533204454141E+0003  0.1100000000000000E+0003  0.7118532858177474E+0003
  0.7920000000000000E+0004  0.0000000000000000E+0000  0.0000000000000000E+0000  0.2309999829081388E+0003  0.2369999824641945E+0003  0.2089258176706178E+0004  0.1100000000000000E+0003  0.2667258142078511E+0004
  0.7944000000000000E+0004  0.0000000000000000E+0000  0.0000000000000000E+0000  0.2309999829081388E+0003  0.2369999824641945E+0003  0.2117544612314028E+0004  0.1100000000000000E+0003  0.2695544577686361E+0004
  0.7968000000000000E+0004  0.0000000000000000E+0000  0.0000000000000000E+0000  0.2309999829081388E+0003  0.2369999824641945E+0003  0.2188951794933802E+0004  0.1100000000000000E+0003  0.2766951760306135E+0004
  0.7992000000000000E+0004  0.0000000000000000E+0000  0.0000000000000000E+0000  0.2309999829081388E+0003  0.2369999824641945E+0003  0.2169848802011563E+0004  0.1100000000000000E+0003  0.2747848767383896E+0004
  0.8016000000000000E+0004  0.0000000000000000E+0000  0.0000000000000000E+0000  0.2309999829081388E+0003  0.2369999824641945E+0003  0.1182678824997229E+0004  0.1100000000000000E+0003  0.1760678790369563E+0004
  0.8040000000000000E+0004  0.0000000000000000E+0000  0.0000000000000000E+0000  0.2669999802445832E+0003  0.2820999791272500E+0003  0.5449591836374865E+0002  0.1285000000000000E+0003  0.7320958777355818E+0003
  0.8064000000000000E+0004  0.0000000000000000E+0000  0.0000000000000000E+0000  0.2309999829081388E+0003  0.2369999824641945E+0003  0.1335269898800480E+0002  0.1100000000000000E+0003  0.5913526643603381E+0003
  0.8088000000000000E+0004  0.0000000000000000E+0000  0.0000000000000000E+0000  0.3416999747179194E+0003  0.3913999710402139E+0003  0.6856137526955439E+0002  0.1695000000000000E+0003  0.9711613210276876E+0003
  0.8112000000000000E+0004  0.0000000000000000E+0000  0.0000000000000000E+0000  0.5909999562725831E+0003  0.6879999490947500E+0003  0.3991173089544561E+0003  0.2950000000000000E+0003  0.1973117214321790E+0004
  0.8136000000000000E+0004  0.0000000000000000E+0000  0.0000000000000000E+0000  0.0000000000000000E+0000  0.0000000000000000E+0000  0.0000000000000000E+0000  0.0000000000000000E+0000  0.0000000000000000E+0000
  0.8160000000000000E+0004  0.0000000000000000E+0000  0.0000000000000000E+0000  0.0000000000000000E+0000  0.0000000000000000E+0000  0.0000000000000000E+0000  0.0000000000000000E+0000  0.0000000000000000E+0000
  0.8184000000000000E+0004  0.0000000000000000E+0000  0.0000000000000000E+0000  0.1385999897448833E+0003  0.1421999894785167E+0003  0.2108708674012246E+0002  0.6600000000000000E+0002  0.3678870659635224E+0003
  0.8208000000000000E+0004  0.0000000000000000E+0000  0.0000000000000000E+0000  0.2309999829081388E+0003  0.2369999824641945E+0003  0.3710411087877294E+0002  0.1100000000000000E+0003  0.6151040762511062E+0003
  0.8232000000000000E+0004  0.0000000000000000E+0000  0.0000000000000000E+0000  0.3389999749174721E+0003  0.3722999724533611E+0003  0.5234507988685377E+0002  0.1655000000000000E+0003  0.9291450272576872E+0003
  0.8256000000000000E+0004  0.0000000000000000E+0000  0.0000000000000000E+0000  0.4238999686359916E+0003  0.4838999641961084E+0003  0.1310611996012147E+0003  0.2100000000000000E+0003  0.1248861132433315E+0004
  0.8280000000000000E+0004  0.0000000000000000E+0000  0.0000000000000000E+0000  0.0000000000000000E+0000  0.0000000000000000E+0000  0.0000000000000000E+0000  0.0000000000000000E+0000  0.0000000000000000E+0000
  0.8304000000000000E+0004  0.0000000000000000E+0000  0.0000000000000000E+0000  0.0000000000000000E+0000  0.0000000000000000E+0000  0.0000000000000000E+0000  0.0000000000000000E+0000  0.0000000000000000E+0000
  0.8328000000000000E+0004  0.0000000000000000E+0000  0.0000000000000000E+0000  0.0000000000000000E+0000  0.0000000000000000E+0000  0.0000000000000000E+0000  0.0000000000000000E+0000  0.0000000000000000E+0000
  0.8352000000000000E+0004  0.0000000000000000E+0000  0.0000000000000000E+0000  0.3056999773814749E+0003  0.3462999743771584E+0003  0.6853166182173085E+0002  0.1510000000000000E+0003  0.8715316135803643E+0003
  0.8376000000000000E+0004  0.0000000000000000E+0000  0.0000000000000000E+0000  0.6929999487244164E+0002  0.7109999473925834E+0002  0.6084190331387481E+0001  0.3300000000000000E+0002  0.1794841799430875E+0003
  0.8400000000000000E+0004  0.0000000000000000E+0000  0.0000000000000000E+0000  0.1283999904997000E+0003  0.1398999896487333E+0003  0.1799686661556956E+0002  0.6250000000000000E+0002  0.3487968467640029E+0003
  0.8424000000000000E+0004  0.0000000000000000E+0000  0.0000000000000000E+0000  0.0000000000000000E+0000  0.0000000000000000E+0000  0.0000000000000000E+0000  0.0000000000000000E+0000  0.0000000000000000E+0000
  0.8448000000000000E+0004  0.0000000000000000E+0000  0.0000000000000000E+0000  0.0000000000000000E+0000  0.0000000000000000E+0000  0.0000000000000000E+0000  0.0000000000000000E+0000  0.0000000000000000E+0000
  0.8472000000000000E+0004  0.0000000000000000E+0000  0.0000000000000000E+0000  0.0000000000000000E+0000  0.0000000000000000E+0000  0.0000000000000000E+0000  0.0000000000000000E+0000  0.0000000000000000E+0000
  0.8496000000000000E+0004  0.0000000000000000E+0000  0.0000000000000000E+0000  0.0000000000000000E+0000  0.0000000000000000E+0000  0.0000000000000000E+0000  0.0000000000000000E+0000  0.0000000000000000E+0000
  0.8520000000000000E+0004  0.0000000000000000E+0000  0.0000000000000000E+0000  0.9239999316325553E+0002  0.9479999298567778E+0002  0.9930818072722307E+0001  0.4400000000000000E+0002  0.2411308042216556E+0003
  0.8544000000000000E+0004  0.0000000000000000E+0000  0.0000000000000000E+0000  0.2309999829081388E+0003  0.2369999824641945E+0003  0.3406122010970945E+0002  0.1100000000000000E+0003  0.6120611854820427E+0003
  0.8568000000000000E+0004  0.0000000000000000E+0000  0.0000000000000000E+0000  0.3029999775810277E+0003  0.3271999757903056E+0003  0.4995310653443088E+0002  0.1470000000000000E+0003  0.8271530599057642E+0003
  0.8592000000000000E+0004  0.0000000000000000E+0000  0.0000000000000000E+0000  0.3878999712995471E+0003  0.4387999675330528E+0003  0.9930983141036046E+0002  0.1915000000000000E+0003  0.1117509770242960E+0004
  0.8616000000000000E+0004  0.0000000000000000E+0000  0.0000000000000000E+0000  0.3647999730087332E+0003  0.4150999692866334E+0003  0.8140254012245879E+0002  0.1805000000000000E+0003  0.1041802482417826E+0004
  0.8640000000000000E+0004  0.0000000000000000E+0000  0.0000000000000000E+0000  0.3518999739631027E+0003  0.3936999708699972E+0003  0.6808337409564899E+0002  0.1730000000000000E+0003  0.9866833189287490E+0003
  0.8664000000000000E+0004  0.0000000000000000E+0000  0.0000000000000000E+0000  0.4238999686359916E+0003  0.4838999641961084E+0003  0.1097332566195851E+0003  0.2100000000000000E+0003  0.1227533189451685E+0004
  0.8688000000000000E+0004  0.0000000000000000E+0000  0.0000000000000000E+0000  0.4238999686359916E+0003  0.4838999641961084E+0003  0.1140615816538437E+0003  0.2100000000000000E+0003  0.1231861514485944E+0004
  0.8712000000000000E+0004  0.0000000000000000E+0000  0.0000000000000000E+0000  0.2207999836629555E+0003  0.2346999826344111E+0003  0.3678165854258309E+0002  0.1065000000000000E+0003  0.5987816248399498E+0003
  0.8736000000000000E+0004  0.0000000000000000E+0000  0.0000000000000000E+0000  0.1847999863265111E+0003  0.1895999859713556E+0003  0.2458925262628314E+0002  0.8800000000000000E+0002  0.4869892249241498E+0003
  0.8760000000000000E+0004  0.0000000000000000E+0000  0.0000000000000000E+0000  0.6929999487244164E+0002  0.7109999473925834E+0002  0.3497833890127297E+0001  0.3300000000000000E+0002  0.1768978235018273E+0003
  0.8760000000000000E+0004  0.0000000000000000E+0000  0.0000000000000000E+0000  0.1466855891469410E+0006  0.1738309871382237E+0006  0.8834758231936507E+0006  0.7372900000000000E+0005  0.1277721399478815E+0007

